    0.00     9.24     3.80     0.85     1.61
    0.06     8.92     1.07     0.56     1.37
    0.11     9.02     0.51     0.42     1.20
    0.17     8.89     0.48     0.41     1.18
    0.22     9.06     0.86     0.45     1.20
    0.28     8.93     0.50     0.42     1.20
    0.34     8.87     0.50     0.41     1.16
    0.39     8.96     0.48     0.46     1.18
    0.45     8.93     0.71     0.48     1.17
    0.50     8.89     0.51     0.43     1.19
    0.56     8.87     0.63     0.42     1.17
    0.62     8.99     0.78     0.60     1.19
    0.67     8.98     0.49     0.39     1.18
    0.73     8.98     0.51     0.39     1.20
    0.78     8.97     0.47     0.39     1.19
    0.84     8.99     0.61     0.40     1.21
    0.90     8.99     0.52     0.38     1.22
    0.95     9.06     0.50     0.39     1.18
    1.01     9.01     0.55     0.41     1.18
    1.06     8.98     0.49     0.40     1.18
    1.12     8.98     0.50     0.39     1.18
    1.18     8.97     0.46     0.40     1.18
    1.23     8.94     0.51     0.40     1.18
    1.29     8.97     0.49     0.39     1.18
    1.34     8.92     0.49     0.40     1.18
    1.40     8.98     0.47     0.39     1.19
    1.46     8.93     0.82     0.42     1.30
    1.51     8.86     0.51     0.39     1.20
    1.57     8.98     0.50     0.40     1.16
    1.62     8.93     0.66     0.43     1.19
    1.68     8.87     0.49     0.39     1.20
    1.74     8.95     0.50     0.39     1.18
    1.79     8.89     0.48     0.40     1.19
    1.85     8.96     0.52     0.40     1.19
    1.90     8.93     0.50     0.39     1.17
    1.96     8.87     0.53     0.38     1.16
    2.02     8.90     0.55     0.39     1.18
    2.07     8.96     0.49     0.39     1.18
    2.13     8.88     0.51     0.41     1.18
    2.18     9.10     1.13     0.69     1.32
    2.24     9.02     0.70     0.40     1.20
    2.30     8.95     0.50     0.40     1.20
    2.35     8.93     0.50     0.39     1.19
    2.41     8.96     0.66     0.40     1.18
    2.46     8.94     0.50     0.40     1.17
    2.52     8.94     0.52     0.39     1.18
    2.58     8.90     0.48     0.39     1.20
    2.63     8.94     0.66     0.44     1.36
    2.69     8.96     0.48     0.43     1.18
    2.75     9.01     0.89     0.43     1.20
    0.00     9.01     0.78     0.43     1.28
    0.06     8.98     0.70     0.40     1.18
    0.11     8.97     0.63     0.38     1.20
    0.17     9.01     0.50     0.39     1.19
    0.22     9.12     0.68     0.41     1.21
    0.28     8.95     0.49     0.39     1.19
    0.34     8.87     0.52     0.39     1.19
    0.39     8.90     0.47     0.40     1.19
    0.45     8.90     0.71     0.42     1.18
    0.50     8.98     0.49     0.41     1.17
    0.56     8.99     0.51     0.39     1.17
    0.62     8.90     0.74     0.43     1.18
    0.67     8.93     0.67     0.45     1.31
    0.73     8.95     0.51     0.42     1.19
    0.78     8.99     0.49     0.44     1.19
    0.84     8.93     0.70     0.44     1.19
    0.90     8.97     0.61     0.42     1.18
    0.95     8.96     0.74     0.61     1.17
    1.01     9.02     0.76     0.47     1.18
    1.06     8.89     0.50     0.43     1.17
    1.12     8.95     0.64     0.38     1.19
    1.18     9.01     0.48     0.44     1.18
    1.23     8.89     0.71     0.43     1.17
    1.29     8.93     0.50     0.42     1.18
    1.34     8.95     0.51     0.42     1.18
    1.40     8.96     0.48     0.45     1.17
    1.46     8.96     0.71     0.45     1.17
    1.51     8.95     0.47     0.43     1.19
    1.57     8.89     0.51     0.42     1.19
    1.62     8.90     0.76     0.45     1.18
    1.68     8.97     0.50     0.42     1.17
    1.74     8.95     0.51     0.43     1.19
    1.79     8.97     0.48     0.46     1.19
    1.85     9.04     0.68     0.44     1.18
    1.90     8.84     0.49     0.41     1.17
    1.96     8.99     0.51     0.41     1.18
    2.02     9.03     0.64     0.46     1.18
    2.07     8.96     0.59     0.40     1.17
    2.13     8.90     0.50     0.38     1.19
    2.18     8.99     0.48     0.41     1.16
    2.24     8.99     1.44     0.54     1.41
    2.30     8.89     0.53     0.39     1.16
    2.35     8.96     0.48     0.39     1.17
    2.41     8.90     0.73     0.41     1.21
    2.46     8.93     0.49     0.38     1.18
    2.52     8.90     0.50     0.39     1.16
    2.58     8.92     0.47     0.39     1.16
    2.63     8.94     0.71     0.40     1.17
    2.69     8.88     0.66     0.55     1.34
    2.75     8.90     0.81     0.44     1.18
    2.80     9.04     1.12     0.47     1.44
    2.86     8.94     0.61     0.45     1.18
    2.91     8.95     0.50     0.43     1.16
    2.97     8.87     0.49     0.40     1.18
    3.02     8.95     0.73     0.43     1.18
    3.08     8.87     0.49     0.40     1.26
    3.14     8.97     0.53     0.38     1.17
    3.19     8.95     0.47     0.42     1.16
    3.25     8.93     0.60     0.42     1.17
    3.30     8.93     0.49     0.41     1.17
    3.36     8.96     0.51     0.41     1.15
    3.42     8.98     0.64     0.42     1.19
    3.47     8.95     0.49     0.41     1.19
    3.53     8.88     0.51     0.41     1.19
    3.58     8.95     0.47     0.41     1.18
    3.64     8.92     0.60     0.42     1.17
    3.70     8.93     0.51     0.41     1.19
    3.75     8.95     0.49     0.41     1.17
    3.81     9.02     0.81     0.98     1.22
    3.86     8.96     0.50     0.41     1.16
    3.92     8.98     0.49     0.40     1.18
    3.98     8.95     0.47     0.40     1.19
    4.03     8.90     0.51     0.40     1.17
    4.09     8.97     0.52     0.38     1.17
    4.14     9.08     0.50     0.40     1.17
    4.20     8.99     0.46     0.43     1.16
    4.25     8.88     0.60     0.42     1.17
    4.30     9.00     0.49     0.39     1.16
    4.35     8.94     0.51     0.43     1.18
    4.40     8.90     0.63     0.42     1.18
    4.46     8.90     0.49     0.39     1.16
    4.51     8.86     0.50     0.39     1.19
    4.56     8.96     0.49     0.40     1.18
    4.61     8.97     0.65     0.43     1.18
    4.66     8.96     0.69     0.42     1.31
    4.72     8.95     0.51     0.42     1.15
    4.77     9.00     0.50     0.39     1.18
    4.82     8.96     0.66     0.44     1.18
    4.87     9.00     0.50     0.39     1.18
    4.92     8.87     0.49     0.39     1.16
    4.98     8.92     1.40     0.74     1.23
    5.03     8.97     0.70     0.42     1.18
    5.08     8.87     0.50     0.41     1.15
    5.13     8.95     0.64     0.38     1.17
    5.18     8.96     0.48     0.41     1.17
    5.24     8.93     0.71     0.42     1.18
    5.29     8.96     0.48     0.39     1.16
    5.34     8.93     0.51     0.40     1.16
    5.39     8.98     0.48     0.39     1.16
    5.45     8.90     1.00     0.45     1.16
    5.50     9.06     0.77     0.41     1.16
    5.55     8.87     0.51     0.39     1.16
    5.60     8.96     0.49     0.40     1.18
    5.65     8.89     0.71     0.42     1.19
    5.70     8.98     0.48     0.41     1.17
    5.76     8.87     0.55     0.40     1.18
    5.81     9.06     0.79     0.58     1.38
    5.86     8.93     0.50     0.42     1.17
    5.91     8.94     0.54     0.57     1.16
    5.96     8.99     0.47     0.43     1.16
    6.02     8.99     0.65     0.44     1.20
    6.07     8.96     0.49     0.41     1.17
    6.12     8.94     0.49     0.39     1.19
    6.17     8.93     0.48     0.42     1.16
    6.22     8.97     0.71     0.43     1.17
    6.28     8.98     0.49     0.41     1.17
    6.33     8.94     0.51     0.40     1.16
    6.38     8.99     0.47     0.42     1.16
    6.43     8.89     0.71     0.42     1.16
    6.48     8.90     0.47     0.42     1.18
    6.54     8.94     0.51     0.42     1.17
    6.59     8.96     0.48     0.42     1.17
    6.64     9.03     0.86     0.48     1.21
    6.69     8.96     0.51     0.43     1.18
    6.74     8.95     0.49     0.43     1.18
    6.80     8.95     0.48     0.44     1.18
    6.85     8.96     0.60     0.42     1.17
    6.90     8.93     0.46     0.41     1.19
    6.95     8.93     0.51     0.41     1.17
    7.00     8.89     0.63     0.43     1.19
    7.06     8.93     0.49     0.40     1.18
    7.11     8.89     0.51     0.41     1.16
    7.16     8.96     0.59     0.38     1.26
    7.21     8.95     0.74     0.43     1.19
    7.26     8.99     0.91     0.74     1.72
    7.32     8.97     0.49     0.40     1.18
    7.37     8.95     0.49     0.41     1.17
    7.42     8.99     0.76     0.46     1.17
    7.47     8.98     0.49     0.41     1.17
    7.52     8.87     0.49     0.41     1.17
    7.58     8.96     0.46     0.42     1.15
    7.63     8.96     0.60     0.42     1.17
    7.68     8.87     0.51     0.42     1.17
    7.73     8.98     0.49     0.41     1.17
    7.78     9.01     0.83     0.45     1.49
    7.84     9.03     0.77     0.59     1.21
    7.89     8.87     0.48     0.42     1.17
    7.94     8.87     0.52     0.42     1.16
    7.99     8.99     0.49     0.43     1.16
    8.05     8.91     1.09     0.55     1.27
    8.10     9.01     0.96     0.42     1.17
    8.15     9.03     0.66     0.39     1.22
    8.20     8.99     0.48     0.40     1.17
    8.25     8.98     0.70     0.42     1.19
    8.30     8.96     0.46     0.40     1.17
    8.36     8.88     0.49     0.41     1.17
    8.41     8.96     0.66     0.43     1.18
    8.46     8.95     0.47     0.43     1.16
    8.51     8.84     0.51     0.40     1.17
    8.56     8.94     0.49     0.40     1.17
    8.62     8.99     0.66     0.43     1.19
    8.67     8.93     0.67     0.44     1.35
    8.72     8.96     0.51     0.44     1.17
    8.77     8.90     0.48     0.43     1.19
    8.82     8.93     0.60     0.44     1.17
    8.88     8.96     0.47     0.42     1.17
    8.93     9.00     0.51     0.42     1.16
    8.98     8.95     0.48     0.43     1.16
    9.03     8.93     0.60     0.43     1.16
    9.08     8.87     0.60     0.42     1.17
    9.14     8.93     0.65     0.40     1.19
    9.19     8.96     0.48     0.42     1.16
    9.24     8.93     0.61     0.42     1.16
    9.29     8.93     0.49     0.42     1.16
    9.34     8.89     0.51     0.42     1.17
    9.40     8.98     0.48     0.43     1.15
    9.45     8.93     0.60     0.44     1.15
    9.50     8.97     0.48     0.43     1.17
    9.55     8.83     0.50     0.41     1.17
    9.60     8.99     0.66     0.45     1.15
    9.66     8.97     0.52     0.42     1.16
    9.71     8.95     0.51     0.40     1.17
    9.76     8.97     0.50     0.40     1.15
    9.81     9.13     0.71     0.57     1.20
    9.86     8.88     0.51     0.42     1.17
    9.92     8.98     0.50     0.39     1.17
    9.97     8.93     0.45     0.40     1.16
   10.02     8.99     0.66     0.45     1.19
   10.07     8.99     0.48     0.40     1.17
   10.12     8.98     0.51     0.40     1.19
   10.18     9.02     0.53     0.43     1.16
   10.23     8.93     0.60     0.44     1.18
   10.28     8.98     0.58     0.43     1.17
   10.33     8.94     0.48     0.42     1.19
   10.38     8.90     0.48     0.43     1.18
   10.44     8.93     0.60     0.43     1.16
   10.49     9.01     1.42     0.82     1.21
   10.54     9.00     0.51     0.42     1.19
   10.59     8.99     0.49     0.45     1.18
   10.65     9.02     1.27     0.69     1.59
   10.70     8.92     1.29     0.40     1.18
   10.75     8.93     0.49     0.40     1.18
   10.80     8.90     0.49     0.43     1.19
   10.85     8.96     0.69     0.43     1.19
   10.90     8.88     0.46     0.40     1.16
   10.96     8.96     0.71     0.44     1.17
   11.01     9.02     0.66     0.44     1.17
   11.06     8.94     0.60     0.40     1.19
   11.11     8.93     0.63     0.38     1.23
   11.16     8.93     0.47     0.39     1.18
   11.22     9.03     0.66     0.45     1.19
   11.27     8.87     0.48     0.42     1.17
   11.32     8.87     0.52     0.42     1.19
   11.37     8.96     0.48     0.45     1.18
   11.42     8.86     0.60     0.45     1.17
   11.48     8.98     0.49     0.42     1.19
   11.53     8.87     0.48     0.42     1.17
   11.58     8.99     0.48     0.45     1.20
   11.63     8.87     0.60     0.45     1.17
   11.68     8.88     0.50     0.42     1.19
   11.74     8.87     0.48     0.42     1.17
   11.79     8.98     0.47     0.44     1.19
   11.84     8.97     0.81     0.68     1.19
   11.89     8.93     0.48     0.42     1.17
   11.94     8.93     0.49     0.44     1.22
   12.00     8.99     0.49     0.45     1.22
   12.05     8.86     0.61     0.42     1.22
   12.10     8.93     0.63     0.38     1.19
   12.15     9.02     0.51     0.42     1.19
   12.20     9.06     0.65     0.45     1.19
   12.26     8.96     0.50     0.42     1.20
   12.31     8.98     0.71     0.49     1.21
   12.36     8.96     0.50     0.42     1.18
   12.41     9.02     1.04     0.73     1.28
   12.46     8.96     0.51     0.43     1.20
   12.52     8.93     0.49     0.42     1.18
   12.57     8.89     0.49     0.42     1.17
   12.62     9.01     0.72     0.44     1.20
   12.67     8.93     0.66     0.50     1.21
   12.72     8.87     0.52     0.48     1.17
   12.78     9.32     1.38     0.62     1.85
   12.83     8.95     0.70     0.54     1.22
   12.88     8.87     0.49     0.42     1.18
   12.93     8.94     0.51     0.42     1.17
   12.98     8.99     0.48     0.41     1.16
   13.04     8.92     0.70     0.44     1.18
   13.09     9.06     1.16     0.59     1.19
   13.14     8.99     0.50     0.45     1.17
   13.19     8.96     0.50     0.45     1.17
   13.25     8.90     0.97     0.61     1.40
   13.30     9.08     1.20     0.40     1.18
   13.35     8.99     0.51     0.39     1.17
   13.40     8.95     0.48     0.40     1.17
   13.45     8.89     0.67     0.40     1.17
   13.50     8.90     0.49     0.39     1.17
   13.56     8.96     0.50     0.39     1.18
   13.61     8.98     0.71     0.41     1.16
   13.66     8.95     0.47     0.39     1.18
   13.71     8.88     0.51     0.39     1.18
   13.76     8.96     0.49     0.39     1.16
   13.82     9.11     0.79     0.94     1.21
   13.87     8.88     0.49     0.40     1.16
   13.92     8.87     0.51     0.39     1.18
   13.97     9.00     0.48     0.40     1.16
   14.02     8.93     0.60     0.40     1.28
   14.08     8.89     0.50     0.39     1.19
   14.13     8.96     0.66     0.40     1.21
   14.18     9.19     0.48     0.40     1.17
   14.23     8.95     0.72     0.42     1.17
   14.28     8.98     0.49     0.40     1.16
   14.34     8.96     0.51     0.40     1.16
   14.39     8.92     0.47     0.41     1.17
   14.44     8.87     0.71     0.41     1.19
   14.49     8.94     0.50     0.39     1.18
   14.54     8.98     0.51     0.40     1.20
   14.60     9.03     0.48     0.40     1.19
   14.65     8.87     0.90     0.57     1.57
   14.70     8.89     0.51     0.44     1.18
   14.75     8.87     0.50     0.42     1.18
   14.80     9.00     0.66     0.43     1.18
   14.86     8.99     0.48     0.44     1.17
   14.91     8.87     0.50     0.44     1.18
   14.96     8.89     0.50     0.42     1.18
   15.01     8.97     0.64     0.48     1.18
   15.06     8.87     0.50     0.42     1.18
   15.12     8.93     0.63     0.39     1.20
   15.17     8.87     0.50     0.42     1.18
   15.22     9.01     0.54     0.45     1.18
   15.27     8.92     0.50     0.43     1.17
   15.32     9.19     0.51     0.44     1.21
   15.38     8.96     0.46     0.43     1.18
   15.43     8.93     0.52     0.46     1.19
   15.48     8.93     0.50     0.42     1.18
   15.53     8.96     0.49     0.44     1.17
   15.58     8.99     0.48     0.43     1.18
   15.64     8.88     0.52     0.44     1.18
   15.69     8.97     1.27     0.89     1.18
   15.74     8.92     0.49     0.44     1.17
   15.79     8.90     0.48     0.45     1.16
   15.85     9.10     1.01     0.62     1.24
   15.90     9.01     1.05     0.41     1.32
   15.95     8.96     0.63     0.44     1.18
   16.00     8.90     0.47     0.40     1.18
   16.05     8.87     0.67     0.40     1.16
   16.10     8.98     0.58     0.38     1.25
   16.16     8.97     0.51     0.39     1.17
   16.21     8.92     0.73     0.42     1.19
   16.26     8.89     0.46     0.40     1.17
   16.31     8.89     0.49     0.39     1.16
   16.37     8.89     0.46     0.39     1.19
   16.42     8.97     0.72     0.42     1.17
   16.48     8.87     0.46     0.41     1.18
   16.54     9.00     0.49     0.39     1.18
   16.59     8.93     0.47     0.40     1.19
   16.65     9.03     0.88     0.57     1.21
   16.70     9.00     0.50     0.44     1.17
   16.76     8.97     0.49     0.42     1.18
   16.82     9.00     0.56     0.46     1.16
   16.87     8.97     0.50     0.43     1.20
   16.93     8.88     0.50     0.43     1.17
   16.98     8.91     0.48     0.43     1.18
   17.04     8.99     0.51     0.45     1.17
   17.10     8.97     0.50     0.41     1.19
   17.15     8.98     0.52     0.38     1.19
   17.21     8.98     0.56     0.46     1.17
   17.26     8.98     0.50     0.42     1.17
   17.32     8.92     0.63     0.50     1.22
   17.38     9.00     0.62     0.54     1.24
   17.43     8.91     0.51     0.45     1.17
   17.49     8.99     0.48     0.43     1.17
   17.54     8.96     0.51     0.43     1.18
   17.60     8.99     0.49     0.45     1.19
   17.66     8.88     0.60     0.44     1.19
   17.71     8.99     0.51     0.45     1.17
   17.77     8.97     1.03     0.59     1.74
   17.82     9.22     0.88     0.92     1.61
   17.88     8.90     0.47     0.42     1.22
   17.94     8.88     0.51     0.43     1.17
   17.99     8.99     0.47     0.42     1.15
   18.05     8.96     0.61     0.45     1.17
   18.10     8.96     0.66     0.40     1.18
   18.16     9.02     0.49     0.55     1.16
   18.22     9.01     0.82     0.44     1.18
   18.27     8.92     0.49     0.42     1.16
   18.33     8.97     0.52     0.43     1.20
   18.38     8.96     0.49     0.42     1.18
   18.44     9.00     0.69     0.43     1.18
   18.50     8.87     0.49     0.43     1.20
   18.55     8.97     0.50     0.43     1.17
   18.61     8.95     1.03     0.44     1.18
   18.66     9.58     1.66     0.56     1.64
   18.72     8.96     0.51     0.43     1.18
   18.78     8.86     0.48     0.43     1.19
   18.83     8.93     0.75     0.44     1.17
   18.89     8.93     0.49     0.44     1.19
   18.94     8.99     0.50     0.43     1.16
   19.00     8.89     0.48     0.44     1.19
   19.06     8.96     0.69     0.46     1.19
   19.11     8.87     0.62     0.38     1.24
   19.17     8.93     0.51     0.43     1.18
   19.22     8.96     0.77     0.46     1.19
   19.28     8.98     0.50     0.43     1.16
   19.34     8.96     0.51     0.43     1.18
   19.39     8.99     0.48     0.44     1.17
   19.45     8.97     0.72     0.45     1.17
   19.50     8.89     0.48     0.43     1.18
   19.56     8.96     0.50     0.42     1.17
   19.62     8.95     0.74     0.45     1.18
   19.67     8.93     0.49     0.42     1.18
   19.73     8.93     0.51     0.42     1.16
   19.78     8.99     0.49     0.44     1.16
   19.84     8.94     1.04     0.44     1.39
   19.90     8.93     0.48     0.43     1.18
   19.95     8.90     0.50     0.43     1.17
   20.01     8.90     0.72     0.45     1.16
   20.06     8.98     0.47     0.41     1.16
   20.12     8.94     0.51     0.39     1.20
   20.18     8.91     0.47     0.42     1.15
   20.23     9.00     0.67     0.44     1.20
   20.29     8.90     0.49     0.42     1.23
   20.34     8.89     0.51     0.41     1.16
   20.40     8.96     0.47     0.43     1.17
   20.46     8.98     0.79     0.43     1.18
   20.51     8.98     0.49     0.41     1.17
   20.57     8.89     0.51     0.42     1.17
   20.62     8.96     0.71     0.44     1.20
   20.68     8.94     0.66     0.45     1.19
   20.74     9.06     0.49     0.44     1.17
   20.79     9.03     0.50     0.43     1.16
   20.85     8.86     0.68     0.46     1.18
   20.90     9.02     1.19     0.77     1.44
   20.96     8.90     0.64     0.63     1.16
   21.02     9.09     0.75     0.43     1.17
   21.07     8.93     0.50     0.42     1.18
   21.13     8.90     0.66     0.38     1.15
   21.18     8.99     0.48     0.44     1.17
   21.24     8.93     0.68     0.44     1.17
   21.30     8.92     0.50     0.43     1.16
   21.35     8.89     0.51     0.43     1.15
   21.41     8.91     1.07     0.46     1.20
   21.46     9.02     1.28     0.41     1.31
   21.52     8.96     0.50     0.40     1.22
   21.58     9.00     0.47     0.40     1.20
   21.63     8.97     0.66     0.43     1.20
   21.69     8.93     0.51     0.43     1.20
   21.74     8.88     0.49     0.43     1.16
   21.80     8.91     0.47     0.44     1.17
   21.86     9.05     0.68     0.62     1.37
   21.91     8.88     0.48     0.41     1.18
   21.97     8.93     0.52     0.38     1.20
   22.02     8.99     0.65     0.45     1.17
   22.08     8.88     0.62     0.38     1.19
   22.14     8.89     0.50     0.42     1.16
   22.19     8.96     0.52     0.42     1.18
   22.25     8.95     0.50     0.44     1.16
   22.30     8.93     0.49     0.42     1.16
   22.36     8.95     0.69     0.46     1.20
   22.42     8.96     1.28     0.62     1.22
   22.47     8.98     0.49     0.43     1.18
   22.53     8.95     0.47     0.41     1.19
   22.58     9.01     0.48     0.43     1.17
   22.64     8.89     0.86     0.44     1.38
   22.70     8.96     0.62     0.42     1.17
   22.75     8.90     0.50     0.43     1.16
   22.81     9.45     2.43     1.10     2.73
   22.86     8.93     1.45     0.82     1.81
   22.88     8.95     0.49     0.42     1.19
   22.92     8.90     0.49     0.46     1.18
   22.98     9.01     0.49     0.42     1.15
   23.03     9.02     0.71     0.47     1.17
   23.09     8.97     0.51     0.38     1.17
   23.14     8.91     0.51     0.42     1.17
   23.20     9.02     0.50     0.42     1.17
   23.26     8.96     0.52     0.43     1.18
   23.31     8.92     0.50     0.43     1.16
   23.37     8.98     0.49     0.43     1.15
   23.42     8.99     0.64     0.45     1.18
   23.48     9.27     0.49     0.42     1.15
   23.54     8.87     0.51     0.43     1.15
   23.59     8.94     0.49     0.43     1.16
   23.65     8.98     0.52     0.43     1.15
   23.70     8.98     0.51     0.43     1.15
   23.76     9.00     0.50     0.42     1.20
   23.83     8.98     0.59     0.62     1.43
   23.89     8.94     0.51     0.41     1.19
   23.94     8.96     0.51     0.39     1.17
   24.00     9.11     0.51     0.40     1.17
   24.06     8.90     0.52     0.43     1.17
   24.11     8.94     0.49     0.39     1.17
   24.17     9.06     1.09     0.42     1.33
   24.22     9.07     1.05     0.45     1.34
   24.28     8.93     0.51     0.41     1.17
   24.34     8.94     0.47     0.41     1.18
   24.39     8.98     0.48     0.40     1.16
   24.45     8.98     0.69     0.40     1.16
   24.50     8.96     0.49     0.39     1.17
   24.56     8.90     0.49     0.39     1.17
   24.62     8.96     0.72     0.42     1.18
   24.67     9.03     0.75     0.44     1.21
   24.73     8.90     0.49     0.41     1.17
   24.78     8.99     0.46     0.42     1.15
   24.84     8.93     0.68     0.41     1.16
   24.90     8.93     0.46     0.41     1.18
   24.95     8.93     0.49     0.40     1.17
   25.01     8.97     0.73     0.47     1.16
   25.06     8.94     0.46     0.41     1.16
   25.12     8.96     0.67     0.39     1.21
   25.18     8.90     0.48     0.42     1.16
   25.23     8.96     0.72     0.42     1.17
   25.29     8.93     0.46     0.41     1.16
   25.34     8.93     0.48     0.41     1.17
   25.40     8.99     0.48     0.44     1.17
   25.46     8.87     0.67     0.43     1.17
   25.51     8.93     0.45     0.41     1.17
   25.57     8.90     0.48     0.41     1.15
   25.62     9.02     0.73     0.42     1.19
   25.68     8.96     0.46     0.43     1.18
   25.74     8.94     0.49     0.43     1.17
   25.79     8.99     0.47     0.43     1.16
   25.85     9.05     0.76     0.43     1.19
   25.90     8.89     0.46     0.43     1.18
   25.96     8.91     0.97     0.60     1.17
   26.02     8.95     0.76     0.44     1.18
   26.07     8.97     0.49     0.40     1.17
   26.13     8.88     0.65     0.38     1.21
   26.18     8.98     0.48     0.43     1.16
   26.24     8.87     0.61     0.45     1.17
   26.30     8.96     0.49     0.40     1.18
   26.35     8.92     0.49     0.43     1.17
   26.41     8.98     0.72     0.44     1.18
   26.46     9.02     1.63     0.65     1.55
   26.52     8.95     0.50     0.41     1.20
   26.58     8.90     0.47     0.41     1.18
   26.63     8.96     0.75     0.44     1.17
   26.69     8.87     0.90     0.43     1.38
   26.74     8.96     0.50     0.43     1.17
   26.80     8.99     0.50     0.43     1.16
   26.86     8.95     0.73     0.44     1.20
   26.91     8.93     0.48     0.42     1.19
   26.97     8.86     0.72     0.44     1.21
   27.02     9.01     1.16     0.46     1.35
   27.08     8.93     0.51     0.44     1.17
   27.14     8.87     0.49     0.43     1.18
   27.19     8.96     0.49     0.45     1.15
   27.25     8.98     0.80     0.43     1.16
   27.30     8.95     0.48     0.41     1.17
   27.36     8.94     0.75     0.55     1.46
   27.42     8.99     1.11     0.58     1.70
   27.47     8.92     0.51     0.44     1.17
   27.53     8.95     0.50     0.43     1.17
   27.58     8.91     0.48     0.43     1.16
   27.64     8.96     0.61     0.47     1.18
   27.70     8.93     0.51     0.42     1.19
   27.75     8.98     0.50     0.42     1.18
   27.81     9.28     1.21     0.91     1.64
   27.86     8.97     0.49     0.40     1.17
   27.92     8.96     0.47     0.39     1.18
   27.98     9.00     0.48     0.40     1.17
   28.03     8.92     0.61     0.40     1.16
   28.09     8.99     0.49     0.39     1.17
   28.14     8.98     0.74     0.38     1.16
   28.20     9.02     0.47     0.39     1.15
   28.26     8.88     0.62     0.40     1.17
   28.31     8.99     0.50     0.44     1.19
   28.37     8.87     0.51     0.44     1.19
   28.42     8.95     0.62     0.42     1.20
   28.48     8.92     0.49     0.41     1.21
   28.54     8.96     0.50     0.40     1.20
   28.59     8.96     0.49     0.40     1.20
   28.65     9.02     0.81     0.41     1.39
   28.70     8.93     0.51     0.42     1.19
   28.76     8.99     0.50     0.42     1.18
   28.82     8.87     0.74     0.45     1.16
   28.87     8.95     0.50     0.41     1.15
   28.93     8.95     0.49     0.41     1.17
   28.98     8.95     0.49     0.41     1.16
   29.04     8.85     0.61     0.43     1.16
   29.10     8.93     0.64     0.38     1.18
   29.15     8.98     0.50     0.41     1.15
   29.21     9.00     0.67     0.44     1.18
   29.26     8.96     0.50     0.41     1.16
   29.32     8.99     0.51     0.41     1.17
   29.38     8.88     0.48     0.40     1.15
   29.43     8.86     0.61     0.41     1.17
   29.49     8.98     0.50     0.41     1.15
   29.54     8.98     0.51     0.42     1.15
   29.60     8.99     0.48     0.42     1.17
   29.66     8.99     0.65     0.42     1.17
   29.71     8.96     0.51     0.40     1.17
   29.77     8.99     0.64     0.43     1.19
   29.82     9.18     1.03     0.48     1.49
   29.88     8.98     0.50     0.40     1.21
   29.94     8.87     0.51     0.43     1.19
   29.99     8.95     0.48     0.42     1.15
   30.05     8.96     0.60     0.43     1.17
   30.10     8.99     0.60     0.40     1.23
   30.16     9.02     0.54     0.41     1.16
   30.22     8.98     0.67     0.43     1.18
   30.27     8.88     0.49     0.40     1.15
   30.33     8.89     0.50     0.41     1.19
   30.38     8.98     0.48     0.42     1.18
   30.44     8.87     0.62     0.42     1.19
   30.50     8.97     0.47     0.43     1.20
   30.55     8.89     0.50     0.43     1.20
   30.61     9.01     0.76     0.43     1.20
   30.66     8.96     0.67     0.56     1.45
   30.72     8.92     0.51     0.43     1.23
   30.78     8.97     0.48     0.42     1.17
   30.83     8.95     0.60     0.43     1.18
   30.89     8.93     0.49     0.43     1.18
   30.94     8.98     0.65     0.43     1.17
   31.00     8.90     0.48     0.40     1.16
   31.06     8.99     0.60     0.41     1.17
   31.11     8.88     0.49     0.40     1.19
   31.17     8.89     0.64     0.38     1.23
   31.22     8.90     0.68     0.43     1.18
   31.28     8.94     0.49     0.42     1.17
   31.34     8.94     0.51     0.41     1.18
   31.39     9.00     0.47     0.42     1.17
   31.45     8.89     0.61     0.42     1.19
   31.50     8.97     0.58     0.41     1.16
   31.56     8.94     0.51     0.41     1.18
   31.62     8.95     0.74     0.42     1.29
   31.67     8.97     0.49     0.42     1.15
   31.73     8.89     0.51     0.42     1.18
   31.78     8.99     0.47     0.41     1.17
   31.84     8.98     0.69     0.57     1.38
   31.90     8.91     0.49     0.40     1.16
   31.95     9.00     0.49     0.43     1.20
   32.01     8.93     1.37     0.99     1.55
   32.06     8.94     0.51     0.39     1.17
   32.12     8.89     0.64     0.38     1.21
   32.18     9.00     0.48     0.57     1.20
   32.23     8.94     0.50     0.40     1.17
   32.29     8.98     0.49     0.39     1.20
   32.34     8.94     0.49     0.39     1.17
   32.40     8.97     0.67     0.69     1.21
   32.46     9.01     0.52     0.41     1.18
   32.51     8.96     0.47     0.41     1.19
   32.57     8.89     0.55     0.41     1.17
   32.62     9.04     1.09     0.58     1.32
   32.68     8.89     0.69     0.48     1.20
   32.74     8.96     0.49     0.45     1.18
   32.79     8.97     0.97     0.48     1.52
   32.85     8.88     0.62     0.48     1.22
   32.90     8.98     0.46     0.41     1.17
   32.96     8.96     0.51     0.43     1.18
   33.02     9.03     0.65     0.44     1.18
   33.07     8.93     0.47     0.44     1.16
   33.13     8.96     0.63     0.39     1.19
   33.18     9.01     0.47     0.44     1.16
   33.24     8.93     0.61     0.41     1.17
   33.30     8.95     0.49     0.43     1.18
   33.35     8.95     0.49     0.41     1.17
   33.41     8.89     0.65     0.45     1.20
   33.46     8.99     0.49     0.41     1.17
   33.52     8.98     0.51     0.41     1.18
   33.58     8.98     0.47     0.43     1.18
   33.63     8.99     0.60     0.41     1.17
   33.69     8.95     0.51     0.41     1.18
   33.74     8.87     0.49     0.41     1.18
   33.80     9.00     0.47     0.43     1.18
   33.86     9.12     0.70     0.61     1.38
   33.91     8.88     0.46     0.39     1.17
   33.97     8.94     0.49     0.39     1.19
   34.02     8.99     0.63     0.42     1.17
   34.08     8.96     0.49     0.39     1.17
   34.14     8.93     0.49     0.40     1.21
   34.19     8.96     0.48     0.39     1.18
   34.25     8.94     0.61     0.40     1.18
   34.30     8.88     0.49     0.39     1.16
   34.36     8.97     0.51     0.40     1.22
   34.42     8.98     0.65     0.41     1.19
   34.47     8.96     0.59     0.40     1.19
   34.53     8.93     0.49     0.39     1.19
   34.58     8.97     0.47     0.40     1.21
   34.64     8.96     0.76     0.43     1.21
   34.70     8.93     0.49     0.40     1.18
   34.75     8.95     0.47     0.42     1.21
   34.81     9.02     0.63     0.42     1.19
   34.86     8.93     0.57     0.41     1.19
   34.92     8.88     0.49     0.41     1.17
   34.98     8.96     0.47     0.40     1.17
   35.03     8.86     0.58     0.43     1.28
   35.09     8.93     0.57     0.43     1.18
   35.14     8.98     0.62     0.42     1.21
   35.20     9.01     0.47     0.42     1.18
   35.26     8.92     0.49     0.42     1.21
   35.31     8.93     0.47     0.41     1.17
   35.37     8.97     0.49     0.42     1.19
   35.42     9.10     1.12     0.44     1.20
   35.48     8.95     0.69     0.46     1.22
   35.54     8.95     0.47     0.43     1.17
   35.59     9.00     0.47     0.43     1.16
   35.65     8.93     0.58     0.41     1.17
   35.70     9.27     0.58     0.40     1.24
   35.76     8.87     0.47     0.41     1.16
   35.82     8.96     0.68     0.61     1.20
   35.87     8.88     0.45     0.40     1.16
   35.93     8.98     0.64     0.68     1.18
   35.98     9.00     0.47     0.45     1.19
   36.04     8.94     0.61     0.40     1.19
   36.10     8.91     0.61     0.38     1.21
   36.15     8.95     0.49     0.39     1.20
   36.21     8.91     0.65     0.43     1.16
   36.26     8.96     0.57     0.40     1.15
   36.32     8.99     0.51     0.40     1.19
   36.38     9.01     0.48     0.41     1.22
   36.43     8.87     0.67     0.40     1.18
   36.49     8.96     0.57     0.39     1.19
   36.54     8.93     0.49     0.39     1.19
   36.60     8.97     0.47     0.40     1.21
   36.66     8.93     0.70     0.42     1.21
   36.71     8.96     0.49     0.42     1.18
   36.77     8.83     0.45     0.41     1.18
   36.82     9.02     0.65     0.45     1.20
   36.88     8.93     0.57     0.42     1.17
   36.94     8.86     0.49     0.42     1.17
   36.99     8.96     0.46     0.43     1.18
   37.05     8.91     0.63     0.43     1.30
   37.10     8.87     0.61     0.39     1.20
   37.16     8.91     0.46     0.41     1.17
   37.22     9.00     0.66     0.44     1.18
   37.27     8.95     0.57     0.41     1.20
   37.33     8.95     0.49     0.41     1.16
   37.38     9.00     0.46     0.41     1.15
   37.44     9.03     1.21     0.58     1.36
   37.50     8.99     0.61     0.42     1.17
   37.55     8.92     0.47     0.43     1.17
   37.61     9.00     1.54     0.66     1.53
   37.66     8.96     0.49     0.41     1.19
   37.72     8.96     0.48     0.40     1.18
   37.78     9.04     0.76     0.45     1.38
   37.83     9.12     0.80     0.73     1.41
   37.89     8.98     0.58     0.43     1.17
   37.94     8.93     0.50     0.42     1.18
   38.00     8.90     0.49     0.44     1.18
   38.06     8.99     0.62     0.42     1.18
   38.11     8.94     0.58     0.40     1.18
   38.17     9.06     0.94     0.39     1.17
   38.22     9.21     1.40     0.46     1.36
   38.28     8.90     0.51     0.43     1.19
   38.34     8.90     0.49     0.44     1.17
   38.39     8.93     0.47     0.47     1.18
   38.45     8.93     0.60     0.43     1.18
   38.50     8.96     0.49     0.41     1.20
   38.56     8.93     0.50     0.40     1.20
   38.62     8.95     0.64     0.41     1.17
   38.67     8.87     0.69     0.48     1.20
   38.73     8.96     0.49     0.45     1.18
   38.78     9.02     0.48     0.48     1.20
   38.84     8.96     0.60     0.44     1.17
   38.90     8.96     0.46     0.41     1.18
   38.95     8.95     0.49     0.41     1.17
   39.01     8.99     0.65     0.43     1.20
   39.06     8.93     0.46     0.41     1.19
   39.12     8.93     0.74     0.39     1.25
   39.18     9.01     0.47     0.43     1.16
   39.23     8.93     0.60     0.43     1.18
   39.29     8.93     0.46     0.41     1.16
   39.34     8.93     0.49     0.41     1.16
   39.40     8.96     0.49     0.41     1.17
   39.46     8.98     0.60     0.43     1.19
   39.51     8.96     0.56     0.41     1.18
   39.57     8.93     0.48     0.41     1.18
   39.62     8.89     0.65     0.44     1.20
   39.68     8.87     0.46     0.42     1.16
   39.74     8.93     0.48     0.41     1.18
   39.79     9.01     0.47     0.44     1.19
   39.85     8.98     0.69     0.42     1.20
   39.90     8.97     0.45     0.39     1.17
   39.96     8.98     0.51     0.39     1.17
   40.02     8.86     0.65     0.44     1.18
   40.07     8.90     0.49     0.39     1.18
   40.13     8.94     0.64     0.38     1.17
   40.18     8.95     0.48     0.40     1.37
   40.24     8.97     0.51     0.43     1.16
   40.30     8.88     0.47     0.39     1.18
   40.35     8.94     0.50     0.40     1.19
   40.41     8.88     0.63     0.43     1.21
   40.46     8.98     0.47     0.39     1.18
   40.52     8.94     0.49     0.40     1.18
   40.58     8.99     0.47     0.41     1.20
   40.63     8.86     0.61     0.42     1.17
   40.69     8.93     0.69     0.42     1.18
   40.74     8.94     0.46     0.41     1.16
   40.80     8.92     0.47     0.42     1.18
   40.86     8.94     0.59     0.44     1.17
   40.91     8.99     0.58     0.43     1.17
   40.97     8.86     0.64     0.43     1.17
   41.02     8.95     1.13     0.61     1.32
   41.08     8.94     0.52     0.49     1.26
   41.14     8.94     0.46     0.45     1.16
   41.19     8.92     0.49     0.48     1.16
   41.25     8.87     0.49     0.48     1.16
   41.30     8.94     0.46     0.41     1.16
   41.36     8.97     0.49     0.41     1.16
   41.42     8.99     0.55     0.43     1.17
   41.47     8.93     0.46     0.41     1.16
   41.53     8.93     0.49     0.41     1.16
   41.58     8.96     0.46     0.44     1.18
   41.64     8.87     0.49     0.46     1.18
   41.70     8.88     0.49     0.40     1.17
   41.75     8.95     0.46     0.41     1.19
   41.81     9.01     0.68     0.60     1.35
   41.86     8.94     0.49     0.39     1.16
   41.92     8.96     0.51     0.39     1.17
   41.98     9.00     0.47     0.42     1.19
   42.03     8.96     0.50     0.40     1.20
   42.09     8.94     0.51     0.41     1.21
   42.14     9.04     0.70     0.49     1.21
   42.20     8.97     0.47     0.40     1.20
   42.26     8.86     0.61     0.42     1.18
   42.31     8.93     0.49     0.40     1.18
   42.37     8.95     0.51     0.41     1.18
   42.42     8.97     0.64     0.41     1.20
   42.48     8.96     0.79     0.90     1.42
   42.54     8.99     0.53     0.41     1.17
   42.59     8.98     0.46     0.41     1.20
   42.65     9.17     0.79     0.42     1.61
   42.70     8.87     0.49     0.42     1.19
   42.76     8.97     0.57     0.43     1.48
   42.82     8.95     0.65     0.43     1.21
   42.87     8.87     0.46     0.41     1.17
   42.93     8.96     0.49     0.41     1.18
   42.98     8.97     0.46     0.42     1.18
   43.04     8.89     0.99     0.81     1.18
   43.10     8.96     0.49     0.38     1.22
   43.15     8.87     0.48     0.41     1.18
   43.21     9.03     1.12     0.82     1.70
   43.26     8.99     0.50     0.40     1.18
   43.32     8.95     0.46     0.41     1.16
   43.38     8.91     0.48     0.41     1.18
   43.43     8.86     0.59     0.41     1.19
   43.49     8.98     0.48     0.42     1.17
   43.54     8.87     0.48     0.41     1.18
   43.60     8.96     0.47     0.42     1.17
   43.66     8.96     0.59     0.41     1.18
   43.71     8.93     0.51     0.43     1.17
   43.77     8.91     0.61     0.44     1.18
   43.82     9.24     1.53     0.77     1.74
   43.88     8.99     0.50     0.46     1.17
   43.94     8.95     0.51     0.42     1.16
   43.99     8.95     0.48     0.45     1.17
   44.05     8.93     0.60     0.42     1.17
   44.10     8.96     0.61     0.41     1.20
   44.16     8.98     0.50     0.40     1.18
   44.22     8.91     0.54     0.42     1.14
   44.27     8.85     0.49     0.41     1.17
   44.33     8.92     0.51     0.40     1.17
   44.38     8.98     0.48     0.40     1.19
   44.44     8.96     0.60     0.41     1.17
   44.50     8.99     0.49     0.41     1.17
   44.55     8.96     0.51     0.40     1.19
   44.61     9.01     0.64     0.42     1.20
   44.66     8.87     0.67     0.46     1.49
   44.72     8.87     0.50     0.42     1.18
   44.78     9.00     0.47     0.43     1.18
   44.83     8.92     0.61     0.41     1.21
   44.89     8.93     0.49     0.40     1.17
   44.94     8.98     0.49     0.39     1.19
   45.00     8.97     0.46     0.41     1.18
   45.06     8.86     0.60     0.41     1.18
   45.11     8.89     0.47     0.40     1.20
   45.17     8.92     0.62     0.40     1.17
   45.22     8.88     0.62     0.42     1.20
   45.28     8.95     0.47     0.42     1.18
   45.34     8.98     0.49     0.39     1.19
   45.39     8.93     0.47     0.42     1.17
   45.45     8.93     0.60     0.41     1.18
   45.50     8.96     0.48     0.40     1.18
   45.56     8.98     0.49     0.40     1.17
   45.62     8.95     0.63     0.42     1.17
   45.67     8.97     0.47     0.40     1.17
   45.73     8.95     0.49     0.40     1.17
   45.78     8.91     0.46     0.42     1.17
   45.84     8.88     0.66     0.61     1.20
   45.90     8.97     0.49     0.40     1.17
   45.95     8.97     0.64     0.57     1.19
   46.01     8.92     0.63     0.41     1.20
   46.06     8.99     0.49     0.42     1.20
   46.12     8.97     0.65     0.39     1.18
   46.18     8.90     0.48     0.40     1.17
   46.23     8.89     0.51     0.42     1.15
   46.29     8.96     0.49     0.40     1.18
   46.34     8.99     0.51     0.39     1.20
   46.40     8.96     0.48     0.41     1.18
   46.46     8.88     0.61     0.41     1.29
   46.51     8.88     0.52     0.38     1.17
   46.57     8.99     0.62     0.48     1.18
   46.62     9.14     1.27     0.43     1.32
   46.68     8.91     0.70     0.48     1.32
   46.74     8.96     0.49     0.46     1.18
   46.79     8.88     0.48     0.47     1.17
   46.85     8.93     0.63     0.43     1.19
   46.90     8.86     0.49     0.42     1.18
   46.96     8.93     0.51     0.39     1.18
   47.02     8.95     0.69     0.44     1.20
   47.07     8.88     0.47     0.42     1.19
   47.13     8.96     0.62     0.38     1.22
   47.18     9.00     0.48     0.43     1.18
   47.24     8.98     0.68     0.57     1.26
   47.30     8.93     0.49     0.41     1.22
   47.35     8.93     0.55     0.39     1.19
   47.41     8.95     0.63     0.44     1.20
   47.46     8.93     0.47     0.42     1.19
   47.52     8.98     0.88     0.61     1.30
   47.58     8.96     0.50     0.43     1.17
   47.63     8.95     0.60     0.40     1.16
   47.69     8.98     0.49     0.39     1.19
   47.74     8.93     0.47     0.39     1.18
   47.80     8.97     0.65     0.43     1.19
   47.86     8.91     0.71     0.42     1.21
   47.91     8.94     0.48     0.41     1.25
   47.97     8.97     0.49     0.43     1.18
   48.02     8.99     0.65     0.46     1.20
   48.08     8.93     0.47     0.43     1.19
   48.14     8.98     0.48     0.40     1.18
   48.19     8.97     0.50     0.55     1.18
   48.25     8.93     0.58     0.43     1.19
   48.30     8.99     0.46     0.42     1.18
   48.36     8.95     0.48     0.42     1.17
   48.42     8.99     0.96     0.60     1.19
   48.47     8.96     0.46     0.42     1.18
   48.53     8.95     0.54     0.38     1.15
   48.58     8.99     0.46     0.42     1.19
   48.64     8.98     0.83     0.60     1.20
   48.70     8.84     0.49     0.42     1.17
   48.75     8.99     0.46     0.41     1.19
   48.81     8.94     1.18     0.64     1.52
   48.86     8.91     0.49     0.44     1.20
   48.92     8.97     0.46     0.43     1.17
   48.98     8.96     0.47     0.43     1.18
   49.03     8.93     0.71     0.42     1.17
   49.09     8.99     0.45     0.43     1.16
   49.14     8.91     0.60     0.38     1.18
   49.20     8.99     0.46     0.43     1.17
   49.26     8.94     0.59     0.41     1.16
   49.31     8.93     0.45     0.41     1.17
   49.37     8.99     0.65     0.43     1.17
   49.42     9.19     1.25     0.45     1.33
   49.48     8.93     0.49     0.45     1.15
   49.54     8.87     0.46     0.59     1.17
   49.59     8.99     0.56     0.48     1.17
   49.65     8.98     0.69     0.43     1.19
   49.70     8.92     0.58     0.41     1.18
   49.76     8.96     0.45     0.41     1.18
   49.82     8.95     0.97     0.42     1.37
   49.87     8.96     0.55     0.42     1.18
   49.93     8.95     0.48     0.43     1.16
   49.98     8.99     0.46     0.44     1.19
   50.04     8.94     0.58     0.41     1.16
   50.10     8.93     0.46     0.38     1.22
   50.15     8.97     0.51     0.57     1.16
   50.21     8.91     0.56     0.44     1.14
   50.26     8.93     0.50     0.38     1.18
   50.32     8.94     0.49     0.41     1.17
   50.38     8.90     0.48     0.43     1.15
   50.43     8.96     0.50     0.44     1.16
   50.49     8.87     0.49     0.41     1.17
   50.54     8.93     0.48     0.40     1.15
   50.60     8.96     0.48     0.42     1.15
   50.66     8.90     0.82     0.70     1.18
   50.71     8.95     0.50     0.40     1.16
   50.77     8.98     0.48     0.41     1.17
   50.82     9.02     0.65     0.42     1.18
   50.88     8.93     0.46     0.41     1.17
   50.94     8.94     0.64     0.41     1.16
   50.99     9.01     0.47     0.40     1.17
   51.05     8.86     0.68     0.42     1.19
   51.10     8.99     0.59     0.40     1.16
   51.16     8.93     0.48     0.41     1.17
   51.22     8.95     0.79     0.41     1.17
   51.27     8.94     0.46     0.41     1.17
   51.33     8.95     0.50     0.40     1.15
   51.38     8.90     0.50     0.40     1.17
   51.44     8.93     0.71     0.43     1.19
   51.50     8.93     0.49     0.42     1.18
   51.55     8.94     0.50     0.41     1.19
   51.61     9.01     0.73     0.44     1.20
   51.66     8.95     0.48     0.42     1.20
   51.72     8.90     0.50     0.41     1.19
   51.78     9.00     0.50     0.40     3.49
   51.83     9.03     3.16     0.58     1.36
   51.89     8.96     0.46     2.68     1.21
   51.94     8.94     2.74     0.41     1.19
   52.00     9.09     2.91     0.43     1.23
   52.06    10.71     0.59     0.47     1.19
   52.11     9.11     0.45     0.45     1.17
   52.17     8.97     0.75     0.61     1.24
   52.22     9.12     1.40     0.47     1.20
   52.28     8.87     0.50     0.44     1.18
   52.34     8.89     0.47     0.72     1.18
   52.39     9.01     0.46     0.46     1.21
   52.45     8.96     0.62     0.47     1.18
   52.50     9.03     0.46     0.43     1.20
   52.56     8.96     1.02     0.55     1.69
   52.62     9.00     0.81     0.43     1.37
   52.67     8.89     0.68     0.43     1.38
   52.73     8.92     0.49     0.41     1.17
   52.78     9.01     0.83     0.43     1.49
   52.84     8.97     0.75     0.43     1.21
   52.90     8.96     0.46     0.42     1.22
   52.95     8.93     0.49     0.42     1.17
   53.01     9.09     0.78     0.43     1.18
   53.06     8.93     0.46     0.42     1.19
   53.12     8.93     0.74     0.39     1.17
   53.18     8.96     0.48     0.43     1.19
   53.23     8.95     0.67     0.45     1.17
   53.29     8.95     0.45     0.42     1.18
   53.34     8.96     0.48     0.44     1.17
   53.40     8.98     0.71     0.42     1.17
   53.46     8.87     0.48     0.45     1.17
   53.51     9.00     0.45     0.44     1.18
   53.57     8.94     0.52     0.43     1.16
   53.62     8.96     0.52     0.41     1.16
   53.68     8.87     0.51     0.42     1.17
   53.74     8.95     0.45     0.41     1.17
   53.79     8.92     0.48     0.42     1.17
   53.85     9.09     0.56     0.58     1.46
   53.90     8.95     0.46     0.42     1.17
   53.96     8.95     0.49     0.43     1.17
   54.02     8.97     0.65     0.44     1.18
   54.07     8.98     0.47     0.42     1.18
   54.13     8.96     0.61     0.38     1.19
   54.18     8.99     0.48     0.54     1.18
   54.24     8.93     0.59     0.42     1.17
   54.30     8.95     0.46     0.40     1.20
   54.35     8.93     0.49     0.41     1.18
   54.41     9.10     1.39     0.65     1.20
   54.47     9.01     0.50     0.41     1.21
   54.52     8.95     0.46     0.41     1.19
   54.58     9.01     0.46     0.43     1.17
   54.63     8.86     0.58     0.43     1.18
   54.69     8.96     0.55     0.43     1.38
   54.75     8.95     0.45     0.43     1.19
   54.80     8.96     0.64     0.45     1.18
   54.86     8.85     0.45     0.41     1.15
   54.91     8.96     0.47     0.42     1.17
   54.97     8.91     0.62     0.49     1.16
   55.03     9.09     1.22     0.42     1.47
   55.08     8.95     0.48     0.42     1.17
   55.14     8.87     0.46     0.42     1.19
   55.19     9.00     0.49     0.41     1.21
   55.25     8.94     0.66     0.43     1.18
   55.31     8.94     0.45     0.41     1.17
   55.36     8.87     0.49     0.41     1.17
   55.42     9.04     0.74     0.44     1.20
   55.47     8.87     0.48     0.42     1.17
   55.53     8.87     0.49     0.41     1.17
   55.59     8.96     0.47     0.41     1.17
   55.64     8.96     0.69     0.41     1.17
   55.70     8.99     0.48     0.42     1.18
   55.75     8.93     0.46     0.41     1.19
   55.81     9.10     0.77     0.60     1.35
   55.87     9.03     0.48     0.42     1.18
   55.92     9.03     0.63     0.45     1.19
   55.98     8.93     0.48     0.42     1.17
   56.03     8.96     0.60     0.42     1.17
   56.09     9.16     0.46     0.40     1.18
   56.15     9.03     0.63     0.40     1.21
   56.20     8.93     0.55     0.45     1.19
   56.26     8.98     0.46     0.41     1.18
   56.31     8.94     0.48     0.41     1.16
   56.37     8.92     0.47     0.44     1.17
   56.43     8.94     0.60     0.41     1.17
   56.48     8.94     0.48     0.41     1.18
   56.54     8.93     0.48     0.41     1.18
   56.59     8.96     0.47     0.43     1.15
   56.65     8.89     1.01     0.45     1.22
   56.71     8.96     0.51     0.43     1.18
   56.76     8.93     0.50     0.41     1.19
   56.82     8.90     0.64     0.42     1.18
   56.87     9.00     0.49     0.41     1.17
   56.93     8.96     0.50     0.41     1.18
   56.99     9.01     0.51     0.47     1.17
   57.04     8.98     0.60     0.42     1.17
   57.10     8.97     0.64     0.38     1.19
   57.15     8.86     0.50     0.40     1.17
   57.21     8.96     0.65     0.43     1.18
   57.27     8.93     0.50     0.41     1.18
   57.32     8.89     0.51     0.41     1.18
   57.38     8.89     0.48     0.45     1.17
   57.43     8.88     0.71     0.44     1.25
   57.49     8.93     0.51     0.41     1.21
   57.55     8.87     0.50     0.41     1.19
   57.60     9.06     1.29     0.61     1.21
   57.66     8.96     0.51     0.40     1.18
   57.71     8.97     0.50     0.40     1.16
   57.77     9.04     0.87     0.46     1.50
   57.83     9.14     1.37     0.46     1.44
   57.88     8.93     0.62     0.41     1.23
   57.94     8.90     0.56     0.42     1.19
   57.99     8.97     0.48     0.42     1.18
   58.05     8.90     0.68     0.43     1.19
   58.11     8.87     0.61     0.38     1.26
   58.16     9.02     0.49     0.41     1.20
   58.22     8.89     0.72     0.46     1.19
   58.27     8.86     0.49     0.42     1.17
   58.33     8.94     0.50     0.43     1.17
   58.39     8.96     0.48     0.43     1.16
   58.44     8.88     0.69     0.43     1.15
   58.50     8.91     0.58     0.41     1.17
   58.55     8.94     0.50     0.41     1.19
   58.61     8.96     0.79     0.43     1.20
   58.67     8.95     0.76     0.53     1.38
   58.72     8.98     0.49     0.41     1.17
   58.78     9.02     0.47     0.43     1.17
   58.83     8.96     0.66     0.41     1.17
   58.89     8.95     0.47     0.43     1.17
   58.95     8.98     0.49     0.43     1.18
   59.00     8.90     0.72     0.45     1.20
   59.06     8.95     0.47     0.41     1.18
   59.11     8.95     0.48     0.41     1.18
   59.17     8.90     0.46     0.43     1.18
   59.23     8.96     0.60     0.43     1.21
   59.28     8.93     0.57     0.42     1.17
   59.34     8.94     0.49     0.42     1.18
   59.39     8.99     0.46     0.42     1.16
   59.45     8.95     0.63     0.42     1.19
   59.51     8.96     0.57     0.41     1.17
   59.56     8.95     0.49     0.41     1.16
   59.62     8.99     0.62     0.44     1.18
   59.67     8.96     0.56     0.42     1.20
   59.69     8.96     0.49     0.41     1.16
   59.73     8.98     0.47     0.41     1.18
   59.79     8.96     0.47     0.42     1.18
   59.84     8.95     0.69     0.73     1.19
   59.90     8.94     0.48     0.40     1.15
   59.95     8.97     0.51     0.39     1.21
   60.01     8.88     1.25     0.93     1.22
   60.07     8.92     0.52     0.59     1.18
   60.12     8.93     0.61     0.38     1.18
   60.18     8.93     0.48     0.39     1.18
   60.23     8.99     0.51     0.42     1.22
   60.29     8.93     0.47     0.42     1.21
   60.35     8.93     0.51     0.42     1.17
   60.40     8.99     0.68     0.43     1.20
   60.46     8.95     0.62     0.42     1.20
   60.52     9.04     0.64     0.42     1.18
   60.57     9.04     1.06     0.40     1.19
   60.63     8.96     0.68     0.42     1.17
   60.68     8.89     0.78     0.52     1.58
   60.74     8.93     0.50     0.39     1.18
   60.79     8.98     0.50     0.41     1.18
   60.85     8.95     0.69     0.42     1.17
   60.91     8.97     0.69     0.61     1.18
   60.96     8.98     0.52     0.40     1.18
   61.02     8.98     0.82     0.42     1.36
   61.07     8.97     0.63     0.38     1.20
   61.13     8.98     0.50     0.39     1.20
   61.19     8.93     0.49     0.41     1.17
   61.24     8.98     0.67     0.40     1.18
   61.30     8.91     0.61     0.41     1.16
   61.35     8.99     0.62     0.41     1.18
   61.41     8.92     0.81     0.43     1.18
   61.47     8.95     0.63     0.40     1.18
   61.52     8.95     0.62     0.41     1.18
   61.58     8.88     0.59     0.41     1.22
   61.63     8.91     0.81     0.42     1.19
   61.69     8.88     0.61     0.41     1.17
   61.75     8.87     0.50     0.41     1.18
   61.80     8.90     0.82     0.59     1.23
   61.86     8.96     0.56     0.40     1.18
   61.91     8.98     0.50     0.39     1.16
   61.97     8.98     0.48     0.40     1.19
   62.03     8.88     0.77     0.42     1.20
   62.08     8.96     0.98     0.38     1.19
   62.14     8.94     0.72     0.39     1.18
   62.19     9.00     0.59     0.40     1.18
   62.25     8.89     0.77     0.41     1.21
   62.31     8.89     0.49     0.40     1.16
   62.36     9.01     0.50     0.40     1.17
   62.42     8.86     0.74     0.43     1.18
   62.47     9.02     0.61     0.45     1.49
   62.53     8.95     0.59     0.39     1.22
   62.59     8.88     0.58     0.39     1.18
   62.64     9.34     2.09     0.93     1.96
   62.70     8.89     0.52     0.41     1.32
   62.75     8.90     0.67     0.41     1.36
   62.81     9.00     0.94     0.44     1.19
   62.87     8.91     0.49     0.42     1.18
   62.92     8.97     0.49     0.41     1.21
   62.98     8.93     0.49     0.41     1.18
   63.03     8.96     0.78     0.41     1.18
   63.09     8.92     0.48     0.40     1.20
   63.15     8.93     0.72     0.38     1.24
   63.20     8.92     0.77     0.42     1.43
   63.26     9.03     0.58     0.40     1.17
   63.31     8.99     0.56     0.42     1.27
   63.37     9.12     0.86     0.42     1.53
   63.43     8.95     0.77     0.41     1.18
   63.48     8.98     0.60     0.39     1.18
