    0.00    10.18     4.68     1.15     2.49
    0.06     8.88     1.02     0.36     1.30
    0.11    10.12     4.15     1.28     2.33
    0.17     9.43     4.03     0.99     2.40
    0.22     9.48     4.62     1.26     2.77
    0.28    11.21     5.07     1.35     2.46
    0.34     9.95     4.91     1.17     2.38
    0.39     9.54     4.31     1.03     2.61
    0.45    10.30     4.29     1.24     2.48
    0.50     9.62     4.12     1.44     2.12
    0.56     9.57     5.39     1.49     2.48
    0.62     9.70     4.72     1.30     2.72
    0.67     9.81     4.67     1.14     2.52
    0.73    10.12     4.43     1.26     2.70
    0.78     9.19     4.91     1.27     2.59
    0.84     9.37     3.83     1.18     2.48
    0.90     9.64     4.74     1.27     2.75
    0.95     9.75     3.65     1.35     2.15
    1.01    10.04     3.60     1.44     2.33
    1.06    10.02     4.64     1.24     2.47
    1.12     9.52     4.61     1.29     2.98
    1.18    10.19     3.31     0.76     2.60
    1.23     9.40     4.66     1.25     2.81
    1.29     9.48     4.14     1.22     2.60
    1.34    10.12     4.22     1.17     2.48
    1.40     9.69     5.15     1.22     3.63
    1.46     9.66     4.70     1.50     3.69
    1.51     9.46     4.30     1.18     2.51
    1.57     9.78    10.00     1.34     2.13
    1.62    10.63     4.34     1.25     2.36
    1.68     9.69     4.00     1.06     2.54
    1.74     9.48     4.00     1.64     2.49
    1.79     9.60     4.97     1.19     2.71
    1.85     9.85     5.70     1.36     2.44
    1.90    10.62     4.76     1.54     2.64
    1.96     9.49     4.30     1.18     2.48
    2.02     9.89     4.48     1.09     2.33
    2.07     9.75     4.51     1.28     2.20
    2.13     9.55     4.71     1.28     2.39
    2.18    10.13     4.33     0.99     2.19
    2.24    10.02     3.79     1.34     2.17
    2.30     9.74     4.04     1.12     2.05
    2.35     9.66     4.62     1.39     2.09
    2.41     9.73     4.76     1.19     2.39
    2.46     9.52     4.16     1.27     2.11
    2.52     9.32     5.02     1.38     2.69
    2.58     9.73     4.15     1.27     2.15
    2.63     9.70     9.07     1.28     2.01
    2.69    11.13     4.64     1.35     2.12
    2.75     9.64     3.71     1.22     2.16
    0.00     9.46     4.96     1.46     2.18
    0.06     9.32     5.44     1.48     2.58
    0.11     9.81     4.53     1.54     2.39
    0.17     9.46     4.51     1.36     2.18
    0.22    10.61     4.35     1.13     2.18
    0.28     9.53     4.43     1.14     2.52
    0.34     9.44     5.30     1.19     2.80
    0.39     9.73     4.96     1.11     2.75
    0.45    10.56     4.36     1.14     2.39
    0.50    12.46     4.29     1.28     2.48
    0.56     9.67     4.38     1.18     2.60
    0.62     9.60     4.40     1.16     2.82
    0.67    10.95     3.94     1.35     2.36
    0.73     9.97     3.47     1.07     2.52
    0.78     9.25     4.40     1.20     2.94
    0.84     9.78     4.82     1.30     2.69
    0.90    11.05     4.57     1.01     2.93
    0.95     9.75     4.03     1.49     2.62
    1.01     9.48     4.71     1.19     2.58
    1.06     9.62     4.52     1.40     2.53
    1.12     9.42     4.14     1.19     2.39
    1.18    10.07     4.47     1.15     2.52
    1.23     9.99     4.43     1.32     2.41
    1.29    15.32     4.61     1.26     2.20
    1.34    14.41     5.15     1.46     2.63
    1.40     9.66     4.35     1.49     2.49
    1.46     9.33     4.42     1.15     2.39
    1.51     9.67     3.95     1.39     2.74
    1.57     9.67     4.55     1.12     2.44
    1.62     9.69     3.86     1.25     2.42
    1.68     9.90     9.36     0.98     2.30
    1.74     9.98     4.81     1.31     2.70
    1.79    10.71     4.71     1.37     2.73
    1.85     9.75     5.20     1.76     2.95
    1.90     9.35     1.05     0.57     1.28
    1.96     9.96     2.59     0.79     1.66
    2.02     9.57     0.80     0.51     2.06
    2.07     9.23     1.99     0.63     1.64
    2.13     8.92     0.83     0.36     1.95
    2.18    12.72     4.74     1.59     2.51
    2.24    10.14     5.38     2.07     2.69
    2.30    10.01     6.17     1.63     3.06
    2.35     9.90     5.68     1.76     2.83
    2.41    10.02     5.69     3.04     4.52
    2.46     9.76     5.30     1.66     2.35
    2.52    10.08     5.57     1.68     2.88
    2.58     9.77     5.60     1.43     2.75
    2.63     9.70     5.22     1.66     3.12
    2.69     9.81     6.00     1.74     3.13
    2.75     9.30     4.57     1.24     1.96
    2.80    10.02     5.95     2.02     3.18
    2.86     9.64     4.68     1.44     2.16
    2.91     9.54     6.17     1.53     2.74
    2.97     9.99     5.12     1.55     2.47
    3.02     9.58     5.81     1.40     2.74
    3.08     9.55     4.77     1.54     2.69
    3.14     9.68     4.59     1.33     2.17
    3.19    10.05     5.09     1.20     2.62
    3.25     9.66     5.22     1.33     3.11
    3.30    10.09     5.25     1.42     3.61
    3.36     9.47     4.88     1.41     2.45
    3.42     9.40     4.65     1.10     2.77
    3.47     9.55     5.83     1.47     2.48
    3.53     9.81     5.27     1.19     2.77
    3.58     9.78     4.30     1.23     2.59
    3.64    10.08     5.51     1.47     2.87
    3.70     9.76     4.58     1.56     2.76
    3.75     9.83     4.98     1.33     2.56
    3.81     9.37     4.63     1.17     2.68
    3.86     9.48     4.14     1.22     2.53
    3.92     9.57     4.04     1.38     3.00
    3.98    12.71     3.98     1.25     2.48
    4.03     9.82     8.50     1.17     2.26
    4.09     9.68     4.54     1.33     2.79
    4.14    12.33     4.47     1.48     2.60
    4.20     9.66     4.67     1.14     2.45
    4.26    10.48     4.88     1.22     2.66
    4.31     9.89     5.18     1.25     2.32
    4.37     9.72     5.27     1.21     2.58
    4.42     9.81     4.37     1.50     2.51
    4.48    10.55     4.98     1.61     2.58
    4.54     9.74     4.42     1.32     3.00
    4.59     9.47     5.10     1.16     2.31
    4.65    10.64     4.18     1.14     2.44
    4.70    10.56     4.21     1.19     1.92
    4.76     9.65     4.83     1.27     2.65
    4.82     9.67     4.39     1.34     2.41
    4.87     9.90     4.80     1.18     2.29
    4.93     9.87     3.47     0.87     2.61
    4.98     9.59     4.46     1.24     2.54
    5.04     9.41     3.60     1.23     2.59
    5.10    10.16     5.72     3.12     3.85
    5.15     9.68     4.78     1.29     2.50
    5.21     9.82     4.30     1.08     2.56
    5.26     9.60     3.83     1.17     2.18
    5.32    10.54     3.78     1.26     2.37
    5.38     9.62     3.89     1.02     2.13
    5.43    10.31     4.02     1.08     2.53
    5.49     9.91     4.43     2.50     2.75
    5.55     9.91     4.16     1.33     2.16
    5.60     9.85     8.71     1.14     1.88
    5.66     9.59     3.70     1.52     2.63
    5.71     9.64     4.66     1.17     2.60
    5.77     9.69     3.84     0.93     2.41
    5.82    10.66     4.16     1.39     2.36
    5.88    14.33     3.51     1.10     2.13
    5.94     9.76     4.45     1.08     2.47
    5.99     9.93     3.94     1.25     2.29
    6.05     9.62     4.17     1.09     2.07
    6.10     9.53     4.04     1.18     2.75
    6.16     9.60     4.97     1.24     2.52
    6.22     9.52     4.85     1.66     2.68
    6.27     9.87     4.58     1.11     2.45
    6.33     9.73     4.46     1.09     2.53
    6.38     9.76     4.29     1.15     2.44
    6.44     9.47     5.10     1.34     2.74
    6.50     9.48     4.89     1.11     2.56
    6.55    10.02     5.33     1.39     2.45
    6.61    10.69     4.09     1.25     2.38
    6.66     9.46     4.65     1.21     2.86
    6.72     9.92     4.63     1.19     2.51
    6.78     9.65     4.43     1.25     2.50
    6.83    10.15     4.45     1.13     2.08
    6.89     9.60     4.07     1.26     2.60
    6.94     9.80     4.18     1.26     2.55
    7.00    10.09     9.77     1.16     2.40
    7.06    10.21     4.46     1.45     2.51
    7.11     9.42     4.33     1.08     2.38
    7.17    10.11     5.21     1.39     2.38
    7.22     8.87     1.17     0.47     1.36
    7.28     9.36     3.27     0.90     1.62
    7.34     9.32     0.82     0.55     1.34
    7.39     9.46     0.84     0.37     1.55
    7.45     9.73     2.20     0.80     1.83
    7.50    10.14     4.40     1.18     2.48
    7.56     9.62     4.41     1.15     2.55
    7.62     9.57     5.20     1.34     3.04
    7.67     9.65     4.66     1.18     2.37
    7.73     9.17     5.13     1.34     2.26
    7.78     9.54     4.76     1.31     3.17
    7.84     9.96     4.23     1.51     2.55
    7.90     9.58     5.47     1.57     2.77
    7.95     9.57     5.12     1.10     2.68
    8.01    10.18     6.71     3.53     5.00
    8.06    10.22     5.41     3.50     3.10
    8.12     9.64     3.63     1.18     2.44
    8.18     9.55     4.89     1.45     2.60
    8.23    10.01     3.88     1.32     2.35
    8.29     9.84     4.40     1.29     2.38
    8.35     9.36     4.81     1.47     2.84
    8.40     9.75     4.34     1.54     2.75
    8.46     9.64     4.92     1.58     2.93
    8.51     9.63     5.39     1.25     2.58
    8.57     9.69     4.27     1.43     2.52
    8.62     9.38     4.12     1.38     2.71
    8.68     9.90     4.67     1.19     2.22
    8.74    10.47     5.81     1.62     2.89
    8.79     9.57     4.03     1.00     2.80
    8.85     9.98     9.54     1.34     2.33
    8.90     9.76     3.90     1.41     2.44
    8.96     9.58     3.48     1.25     2.23
    9.02     9.60     3.91     1.52     2.09
    9.07    10.04     9.70     1.51     2.68
    9.13     9.54     4.67     1.18     2.62
    9.18     9.20     4.17     1.30     2.75
    9.24     9.82     4.54     1.15     2.62
    9.30     9.77     3.84     1.20     2.53
    9.35     9.96     5.39     1.19     2.38
    9.41    12.57     4.89     1.35     2.26
    9.46     9.45     4.07     1.28     2.48
    9.52    11.04     4.34     1.20     2.75
    9.58     9.85     4.63     1.17     2.82
    9.63    10.73     3.98     1.30     2.04
    9.69    10.29     3.93     1.42     2.52
    9.74    10.66     4.28     1.57     2.37
    9.80    10.93     4.48     1.32     2.28
    9.86    10.56     3.90     1.23     2.29
    9.91     9.52     4.30     1.32     2.33
    9.97    10.47     4.85     1.42     2.50
   10.02     9.65     6.19     1.36     2.88
   10.08    10.39     4.27     1.39     2.56
   10.14    10.86     4.26     1.12     2.77
   10.19     9.96     4.82     1.26     2.41
   10.25    10.15     5.73     1.35     2.26
   10.30     9.74     5.80     1.34     2.96
   10.36    10.51     4.51     1.39     2.52
   10.42     9.86     4.95     1.29     2.28
   10.47     9.29     4.04     1.05     2.57
   10.53     9.62     4.27     1.21     2.36
   10.58     9.45     4.57     1.23     2.30
   10.64     9.96     4.54     1.12     2.40
   10.70    10.66     4.18     1.51     2.49
   10.75    11.01     6.52     1.36     3.42
   10.81     9.28     4.49     1.20     2.59
   10.86     9.94     5.56     1.33     2.86
   10.92    10.18     3.78     1.29     2.64
   10.98     9.42     4.10     1.02     2.96
   11.03     9.72     3.66     1.08     2.21
   11.09    10.45     4.92     1.77     2.76
   11.15     9.26     5.98     1.41     2.60
   11.20     9.40     5.06     1.37     2.54
   11.26    10.44     4.40     1.12     2.48
   11.31    10.07     4.81     1.26     2.41
   11.37    10.47     4.26     0.97     2.57
   11.42     9.71     3.60     1.15     2.46
   11.48    10.05     4.24     1.41     2.46
   11.54    10.01     4.37     1.22     2.10
   11.59    10.11     4.36     1.29     2.39
   11.65     9.76     4.15     1.21     2.28
   11.70    10.86     4.09     1.23     2.56
   11.76    10.43     4.11     1.43     2.60
   11.82    10.14     9.39     1.28     2.24
   11.87    10.57     4.48     1.22     2.28
   11.93     9.36     4.43     1.12     2.59
   11.98     9.66     4.57     1.32     2.48
   12.04    10.56     4.55     1.16     2.63
   12.10     9.93     4.94     1.40     2.30
   12.15    10.38     4.40     1.47     2.70
   12.21    10.08     4.10     1.30     2.57
   12.26     9.36     3.78     1.15     2.41
   12.32     9.62     3.75     1.37     2.44
   12.38    10.63     3.72     1.21     2.42
   12.43     9.75     8.20     1.25     2.27
   12.49     9.68     4.09     1.11     2.42
   12.54     9.46     3.60     1.11     2.09
   12.60    10.76     4.60     1.11     2.51
   12.66     9.79     4.55     1.07     2.81
   12.71     9.54     2.87     0.89     2.00
   12.77     8.86     0.95     0.52     2.04
   12.82     9.92     0.80     0.48     1.19
   12.88     9.25     1.71     0.59     1.70
   12.94     9.62     0.73     0.50     1.59
   12.99     9.47     0.95     0.37     1.28
   13.05     9.58     1.91     0.52     1.75
   13.10     9.54     1.10     0.38     1.72
   13.16    12.37     4.40     1.27     2.19
   13.22     9.27     4.46     1.17     1.93
   13.27     9.40     4.08     1.10     2.32
   13.33     9.99     4.94     1.17     2.07
   13.38     9.64     4.46     1.20     2.09
   13.44     9.97     9.04     1.11     1.76
   13.50     9.94     4.06     1.17     2.30
   13.55     9.61     5.14     1.23     2.55
   13.61    10.15     5.00     1.31     2.52
   13.66     9.69     4.55     1.23     2.49
   13.72     9.56     4.01     1.15     2.34
   13.78     9.53     4.35     1.52     2.32
   13.83     9.52     4.37     1.23     2.24
   13.89     9.34     3.78     1.32     2.40
   13.95     9.57     3.72     1.15     2.30
   14.00     9.64     3.65     1.31     2.24
   14.06     9.40     3.56     1.28     1.96
   14.11    10.91     5.09     1.13     3.53
   14.17     9.46     4.04     1.28     2.51
   14.22    10.17     3.78     1.15     2.05
   14.28    10.36     4.05     1.20     2.17
   14.34    10.24     3.94     1.26     2.16
   14.39     9.76     4.38     1.11     2.41
   14.45    10.04     9.38     1.13     2.21
   14.50     9.65     3.71     4.09     2.89
   14.56     9.57     4.04     1.06     2.58
   14.62    13.58     4.59     1.13     1.87
   14.67    12.54     3.95     1.32     2.18
   14.73    10.10     4.33     1.11     2.16
   14.78    10.17     4.71     1.19     2.14
   14.84     9.86     4.03     1.24     2.26
   14.90     9.44     4.77     1.25     2.50
   14.95     9.56     4.60     1.19     2.21
   15.01    10.27     4.86     0.95     2.42
   15.06    10.75     4.29     1.54     2.34
   15.12     9.25     4.05     1.25     2.76
   15.18     9.75     3.99     1.24     2.27
   15.23     9.86     4.31     1.14     2.11
   15.29    10.21     4.18     1.31     2.30
   15.34     9.60     4.68     1.06     2.34
   15.40     9.35     4.64     1.27     3.31
   15.46     9.44     4.09     1.39     2.91
   15.51     9.98     4.12     1.38     2.40
   15.57     9.58     4.41     1.13     2.22
   15.62     9.72     3.93     1.15     2.42
   15.68     9.63     3.54     1.34     2.30
   15.74     9.95     4.12     1.28     2.03
   15.79    11.15     4.34     1.25     2.43
   15.85     9.66     4.89     1.45     2.23
   15.90    10.03     4.64     1.23     2.52
   15.96     9.58     9.65     1.13     2.24
   16.02    10.09     4.41     1.23     2.12
   16.07     9.59     4.55     1.42     2.52
   16.13    10.10     5.01     1.48     2.56
   16.18     9.46     5.02     1.20     2.23
   16.24     9.70     4.16     1.25     2.63
   16.30     9.10     4.44     1.16     2.44
   16.35     9.51     4.38     1.15     2.47
   16.41     9.81     4.33     1.36     2.20
   16.46     9.58     4.74     1.31     2.74
   16.52     9.48     4.24     0.93     2.47
   16.58     9.47     4.98     1.28     2.10
   16.63     9.76     5.18     1.31     2.67
   16.69    10.08     4.42     1.25     2.94
   16.75     9.57     4.83     1.25     2.45
   16.80     9.69     4.10     1.47     1.79
   16.86     9.87     5.09     1.42     2.58
   16.91     9.91     4.77     1.55     2.29
   16.97     9.64     4.24     1.40     2.83
   17.02     9.86     5.14     1.25     2.74
   17.08    11.16     4.44     1.23     2.56
   17.14     9.74     9.33     1.10     2.33
   17.19     9.44     4.53     1.17     2.46
   17.25    10.23     4.78     1.03     2.53
   17.30     9.99     3.87     1.13     2.31
   17.36    10.16     4.53     1.17     1.83
   17.42     9.84     4.04     1.28     2.34
   17.47     9.26     4.11     1.35     2.98
   17.53    10.78     4.48     1.15     2.80
   17.58     9.28     4.69     1.44     2.86
   17.64     9.34     4.63     1.66     3.09
   17.70     9.17     1.32     0.39     1.53
   17.75     9.11     1.08     0.37     1.53
   17.81     9.88     1.13     0.37     1.18
   17.86     8.92     1.15     0.36     1.38
   17.92     9.52     3.27     0.80     2.20
   17.98     9.08     1.28     0.37     2.07
   18.03     9.46     1.98     0.56     2.00
   18.09     9.06     1.20     0.37     1.76
   18.14     9.07     1.30     0.56     2.07
   18.20     9.57     1.52     0.40     1.77
   18.26     9.76     4.31     1.27     2.27
   18.31    10.43     3.97     1.33     2.56
   18.37     9.81     4.10     1.45     2.50
   18.42     9.38     4.86     1.32     2.87
   18.48    10.63     4.17     1.28     2.82
   18.54     9.86     5.23     1.36     2.47
   18.59     9.41     4.01     1.43     2.33
   18.65     9.49     4.52     1.46     2.44
   18.70     9.57     4.19     1.11     2.93
   18.76     9.53     3.69     1.26     2.27
   18.82     9.61     4.72     1.33     2.56
   18.87     9.50     4.00     1.26     3.29
   18.93    10.23     4.50     1.29     2.58
   18.98    11.03     4.49     1.16     3.02
   19.04     9.70     5.25     1.45     2.67
   19.10    10.23     4.80     1.24     2.59
   19.15     9.66     4.74     1.50     2.96
   19.21    13.21     5.03     1.29     2.93
   19.26    12.56     4.64     1.21     2.43
   19.32    12.81     4.53     1.33     2.70
   19.38    10.32     3.83     1.35     2.72
   19.43     9.76     3.98     1.30     2.41
   19.49    10.06     4.73     1.17     2.53
   19.55     9.50     4.44     1.29     2.48
   19.60     9.67     4.66     1.23     2.81
   19.66    10.14     4.72     1.35     2.64
   19.71    10.36     3.75     1.16     2.33
   19.77     9.54     4.96     1.32     2.58
   19.82    10.15     4.60     1.37     2.50
   19.88     9.80     5.24     1.08     2.52
   19.94    13.30     4.63     1.39     2.71
   19.99    10.06     4.73     1.54     2.48
   20.05    10.91     4.40     1.14     2.48
   20.10    10.08     4.25     1.19     2.20
   20.16     9.75     4.67     1.33     2.59
   20.22    10.05     5.12     1.39     2.94
   20.27     9.72     4.04     1.16     2.72
   20.33    10.46     4.59     1.53     2.38
   20.38     9.43     4.46     1.25     2.56
   20.44     9.92     4.52     1.02     2.35
   20.50    10.95     3.78     1.23     2.21
   20.55     9.31     4.19     1.20     2.50
   20.61    10.53     4.34     1.49     2.31
   20.66    10.03     3.93     1.30     2.21
   20.72    10.34     3.69     1.30     2.48
   20.78     9.79     5.73     1.26     3.79
   20.83     9.42     5.75     1.61     3.25
   20.89     9.56     6.09     1.60     2.70
   20.94     9.42     1.91     0.42     1.68
   21.00     8.97     1.57     0.68     1.45
   21.06     9.20     2.15     0.60     1.46
   21.11     9.86     1.07     0.55     1.35
   21.17     9.52     2.53     0.57     1.52
   21.22     9.18     2.84     0.78     2.07
   21.28     9.64     1.96     0.42     1.57
   21.34     9.52     1.66     0.48     1.59
   21.39     9.11     1.60     0.42     1.79
   21.45    10.93     1.07     0.47     1.59
   21.50     9.25     5.55     1.33     2.42
   21.56    10.36     4.97     1.12     2.30
   21.62     9.54     5.57     0.93     2.09
   21.67     9.95     4.87     1.07     2.09
   21.73     9.66     5.15     1.07     1.73
   21.78    10.02     5.15     1.12     2.44
   21.84     9.16     4.61     1.40     1.95
   21.90     9.48     5.15     1.03     2.12
   21.95     9.19     4.01     1.21     2.44
   22.01    10.27     4.23     0.82     1.94
   22.06     9.45     5.04     1.32     2.12
   22.12     9.77     6.25     1.29     3.01
   22.18    10.16     3.73     1.08     2.18
   22.23     9.94     4.90     1.16     2.10
   22.29    10.10     2.16     0.57     1.46
   22.35     9.40     4.72     1.05     2.30
   22.40    10.06     4.33     1.38     2.08
   22.46    10.05     4.56     1.15     2.58
   22.51    10.08     4.84     1.00     2.24
   22.57    10.80     5.15     1.57     2.84
   22.62    10.06     4.29     1.22     2.44
   22.68    10.33     6.21     1.59     2.86
   22.74     9.87     5.90     2.02     3.11
   22.79    13.54     4.61     1.32     2.40
   22.85    10.04     4.54     1.21     2.20
   22.90    10.51     3.52     1.43     2.59
   22.96     9.59     4.57     1.22     2.52
   23.02     9.88     4.42     1.15     2.49
   23.07    10.09     5.31     1.57     2.71
   23.13    10.36     5.92     1.56     2.90
   23.18    10.08     4.81     1.12     2.68
   23.24     9.74     6.03     1.64     2.73
   23.30     9.36     1.46     0.50     2.03
   23.35     9.66     2.09     0.81     2.04
   23.41     9.62     0.76     0.55     1.18
   23.46     8.92     1.06     0.39     1.37
   23.52     9.10     2.12     0.72     1.66
   23.58     9.36     1.85     0.68     1.75
   23.63     9.58     4.07     1.18     2.49
   23.69     9.94     5.69     1.62     3.04
   23.74    10.53     5.50     1.74     2.74
   23.80    12.89     5.51     1.77     2.58
   23.86     9.53     3.85     1.20     2.33
   23.91    11.16     4.68     1.50     2.69
   23.97     9.35     4.27     1.40     2.63
   24.02     9.63     5.29     1.41     3.06
   24.08     9.87     4.09     1.04     2.42
   24.14     9.87     5.69     1.63     2.51
   24.19     9.79     6.11     1.53     3.05
   24.25     9.73     5.46     1.32     2.62
   24.30    10.02     4.31     1.21     2.47
   24.36    10.20     5.36     1.25     2.71
   24.42     9.50     4.40     1.06     2.36
   24.47     9.35     5.06     1.49     2.33
   24.53     9.52     4.80     1.53     2.81
   24.58     9.33     4.67     1.09     2.29
   24.64     9.87     4.23     1.19     2.43
   24.70     9.72     4.22     1.08     2.59
   24.75    10.43     4.05     1.20     2.50
   24.81    10.61     5.11     1.29     2.67
   24.86     9.58     5.14     1.40     2.68
   24.92     9.72     3.79     1.39     2.51
   24.98     9.57     5.16     1.49     2.50
   25.03     9.58     4.11     1.28     2.49
   25.09     9.81     4.43     1.12     2.64
   25.15     9.58     4.61     1.10     2.20
   25.20     9.77     4.90     1.40     2.74
   25.26    11.06     5.78     1.52     2.44
   25.31     9.29     5.11     1.46     2.87
   25.37     9.75     4.79     0.98     2.33
   25.42    10.04     4.17     1.18     2.43
   25.48     9.39     4.74     1.24     3.04
   25.54    13.45     5.08     1.55     2.96
   25.59    11.12     4.66     1.41     2.87
   25.65     9.45     4.92     1.47     2.55
   25.70     9.75     4.23     1.26     2.23
   25.76     9.66     4.32     1.21     2.51
   25.82    10.80     3.92     1.22     2.26
   25.87     9.69     4.74     1.40     3.77
   25.93     9.88     4.34     1.23     2.38
   25.98    10.31     4.40     1.61     2.86
   26.04    10.06     4.39     1.32     2.55
   26.10    10.07     5.36     1.26     2.34
   26.15    14.41     5.41     1.47     2.37
   26.21     9.65     4.83     1.26     2.78
   26.26     9.61     5.15     1.34     2.31
   26.32    10.48     4.87     1.15     3.01
   26.38    10.11     5.06     1.18     2.22
   26.43     9.41     3.70     1.46     2.63
   26.49     9.96     4.33     1.44     2.21
   26.54    10.43     4.81     1.35     2.40
   26.60     9.99     5.46     1.53     2.62
   26.66    10.07     4.72     1.29     2.64
   26.71    10.20     9.66     0.85     2.24
   26.77     9.58     4.43     1.49     2.60
   26.82     9.77     5.14     1.44     3.78
   26.88     9.62     5.07     1.14     2.49
   26.94    10.02     5.28     1.28     2.61
   26.99    12.53     4.19     1.13     2.48
   27.05     9.74     4.38     1.37     2.12
   27.10     9.56     5.40     1.21     2.44
   27.16     9.47     4.29     1.16     2.42
   27.22    10.29     4.82     1.38     2.74
   27.27     9.96     5.95     1.72     3.68
   27.33    12.39     4.18     1.29     2.28
   27.38    10.90     5.07     1.42     2.46
   27.44    12.67     4.07     1.18     2.16
   27.50     9.36     4.22     1.29     2.55
   27.55     9.99     4.71     1.23     2.46
   27.61    10.60     3.85     1.06     2.26
   27.66     9.63     4.34     1.12     2.59
   27.72    10.12     4.60     1.35     2.27
   27.78     9.80     4.06     1.04     2.35
   27.83    10.65     5.16     1.35     2.51
   27.89     9.26     5.00     0.97     2.18
   27.95     9.39     4.63     1.38     2.36
   28.00    10.12     4.35     1.23     2.43
   28.06    14.44     6.16     1.42     3.01
   28.11     9.37     4.18     1.14     2.44
   28.17    10.10     4.56     1.11     2.30
   28.22     9.78     3.81     1.31     2.33
   28.28     9.38     3.79     1.21     2.42
   28.34    10.01     8.64     1.09     2.19
   28.39     9.19     4.66     1.27     2.36
   28.45    10.11     5.35     1.33     2.48
   28.50     9.99     4.49     1.30     2.78
   28.56     9.96     4.53     1.17     2.43
   28.62     9.61     5.23     1.21     2.37
   28.67     9.44     2.73     0.63     1.74
   28.73     9.56     0.97     0.37     1.49
   28.78     9.34     0.72     0.37     1.32
   28.84     9.18     2.50     0.64     1.70
   28.90     9.59     1.00     0.51     1.23
   28.95     9.25     1.59     0.50     1.80
   29.01     9.44     5.65     1.32     2.57
   29.06    10.13     4.37     1.16     2.60
   29.12    10.56     4.50     1.09     2.61
   29.18    10.32     4.10     1.31     2.37
   29.23    12.18     4.31     1.11     2.50
   29.29     9.55     4.16     1.35     2.30
   29.34     9.77     6.82     3.75     5.70
   29.40    10.46     5.15     1.42     2.90
   29.46     9.66     4.16     1.13     2.49
   29.51     9.46     3.95     1.27     2.54
   29.57    10.48     3.95     1.31     2.62
   29.62     9.90     3.96     1.19     2.27
   29.68     9.28     4.70     1.21     2.42
   29.74     9.47     4.78     1.14     2.25
   29.79    10.50     4.12     1.25     2.83
   29.85     9.74     4.01     1.15     2.28
   29.90     9.58     5.80     1.81     2.81
   29.96    10.98     4.81     1.19     3.42
   30.02     9.30     4.22     1.34     2.38
   30.07     9.46     4.86     1.29     2.04
   30.13     9.41     4.62     1.45     2.17
   30.18     9.83     4.94     1.28     2.69
   30.24     9.98     3.79     1.34     2.36
   30.30    10.24     4.44     1.10     2.40
   30.35    10.50     4.82     1.13     2.39
   30.41     9.90     4.01     1.18     2.50
   30.46    13.36     4.91     1.35     2.58
   30.52    12.10     4.20     1.33     2.22
   30.58     9.91     4.29     1.19     2.37
   30.63     9.96     4.19     1.08     2.44
   30.69     9.49     4.20     1.44     2.80
   30.75     9.60     4.69     1.13     2.19
   30.80     9.27     4.18     1.38     2.62
   30.86     9.64     5.03     1.38     2.75
   30.91     9.66     3.73     1.11     2.55
   30.97     9.93     4.74     1.31     2.66
   31.02     9.40     4.33     1.22     2.72
   31.08     9.60     5.01     1.19     2.78
   31.14     9.79     4.34     1.59     2.90
   31.19    12.57     3.80     1.17     2.66
   31.25     9.86     3.98     1.16     1.86
   31.30    10.81     3.85     1.50     2.31
   31.36     9.64     3.90     1.03     2.28
   31.42     9.34     3.98     1.38     2.60
   31.47     9.25     3.64     1.26     2.72
   31.53     9.65     3.93     1.15     2.62
   31.58     9.41     4.15     1.50     2.47
   31.64     9.57     4.79     1.05     2.39
   31.70    10.06     3.97     1.18     2.43
   31.75     9.68     4.00     1.25     2.30
   31.81     9.89     9.13     1.22     2.15
   31.86     9.70     4.25     1.20     2.12
   31.92     9.32     3.96     1.26     2.22
   31.98     9.28     4.61     1.28     2.44
   32.03     9.62     3.81     1.06     2.21
   32.09     9.63     4.52     1.13     2.08
   32.14     9.64     4.38     1.18     2.55
   32.20    10.69     4.18     1.48     2.78
   32.26    10.03     4.33     1.17     2.59
   32.31    11.04     3.87     1.51     2.37
   32.37    10.44     4.31     1.31     2.66
   32.42     9.92     4.97     1.44     2.42
   32.48     9.96     3.98     1.25     2.63
   32.54     9.88     4.10     1.11     2.35
   32.59     9.49     4.95     1.08     2.34
   32.65     9.98     4.06     1.31     2.21
   32.70     9.25     4.00     1.10     2.60
   32.76    13.82     4.07     1.20     2.33
   32.82    10.42     4.44     1.36     2.32
   32.87     9.50     4.68     1.27     2.70
   32.93     9.75     3.74     1.19     2.40
   32.98     9.83     4.00     1.21     2.35
   33.04    10.13     8.72     1.18     2.58
   33.10     9.62     4.43     1.37     2.45
   33.15    10.87     4.48     1.25     2.50
   33.21     9.62     4.12     1.32     2.39
   33.26     9.76     4.79     1.22     2.59
   33.32     9.76     4.01     1.18     2.34
   33.38     9.57     4.77     1.66     2.75
   33.43     9.38     3.70     1.10     2.74
   33.49     9.14     4.47     1.08     2.55
   33.55     9.50     4.51     1.10     2.57
   33.60    10.00     3.91     1.14     2.58
   33.66     9.81     4.44     1.08     2.80
   33.71    10.71     4.34     1.45     2.66
   33.77     9.43     4.67     1.22     2.58
   33.82     9.42     3.47     1.09     2.33
   33.88    10.17     4.39     1.22     2.45
   33.94     9.78     3.50     1.38     2.63
   33.99     9.69     5.71     1.20     2.57
   34.05    10.00     4.89     1.39     2.95
   34.10     9.09     1.10     0.39     1.43
   34.16     9.15     0.75     0.37     1.19
   34.22     9.57     1.41     0.54     1.38
   34.27     9.75     3.30     0.80     2.07
   34.33     9.30     0.82     0.37     1.19
   34.38     9.15     0.50     0.47     1.19
   34.44     9.90     2.31     0.58     1.68
   34.50    10.55     1.15     0.36     1.30
   34.55     9.03     1.69     0.48     1.42
   34.61    10.31     4.04     1.15     2.50
   34.66     9.54     9.18     0.93     2.19
   34.72     9.65     4.35     1.34     2.44
   34.78     9.48     4.56     1.53     3.47
   34.83     9.75     9.48     1.08     2.29
   34.89     9.64     4.91     1.27     2.77
   34.94    10.13     3.99     1.10     3.43
   35.00     9.72     4.13     1.15     2.35
   35.06     9.36     5.32     1.08     2.68
   35.11     9.42     4.44     1.27     2.66
   35.17     9.92     4.05     1.02     2.64
   35.22     9.96     3.72     1.27     2.41
   35.28     9.85     3.89     1.24     2.27
   35.34     9.81     4.00     1.08     2.39
   35.39     9.46     4.28     1.17     3.63
   35.45     9.95     4.21     1.07     2.59
   35.50     9.64     4.53     1.44     2.07
   35.56     9.55     4.50     1.81     2.83
   35.62     9.99     4.54     1.50     2.53
   35.67     9.88     4.97     1.27     2.53
   35.73     9.80     4.29     1.12     2.63
   35.78    12.21     4.19     1.16     2.36
   35.84     9.80     3.97     1.02     2.43
   35.90     9.86     4.10     1.45     2.10
   35.95    11.11     5.04     1.48     2.88
   36.01    10.55     4.28     1.27     2.53
   36.06     9.48     5.00     1.47     2.53
   36.12    10.45     3.92     1.27     2.56
   36.18    12.36     3.58     1.21     2.59
   36.23     9.68     4.55     1.45     2.48
   36.29     9.67     4.84     3.96     2.52
   36.35     9.36     4.70     1.48     2.29
   36.40     9.34     4.04     1.51     2.39
   36.46     9.39     4.50     1.29     2.24
   36.51    10.15     4.84     1.31     2.34
   36.57     9.71     4.71     1.15     2.66
   36.62     9.45     4.78     1.33     2.59
   36.68     9.47     4.45     1.12     2.16
   36.74    10.54     4.27     1.20     2.52
   36.79    10.33     5.07     1.24     2.67
   36.85     9.53     4.74     1.36     3.14
   36.90    10.17     3.77     1.18     2.46
   36.96     9.55     4.28     1.49     2.49
   37.02    10.53     4.56     1.24     2.53
   37.07     9.59     4.51     1.20     2.34
   37.13     9.51     4.39     1.37     2.55
   37.18     9.35     4.71     1.45     2.58
   37.24     9.49     4.47     1.42     3.02
   37.30    10.31     4.67     1.14     2.24
   37.35     9.77     3.48     1.36     2.39
   37.41    10.06    10.92     1.26     2.66
   37.46     9.93     5.79     1.48     2.81
   37.52    11.00     6.89     1.44     2.60
   37.58    10.47     5.11     1.27     2.65
   37.63     9.78     4.62     1.20     2.53
   37.69     9.79     3.88     1.06     2.46
   37.74     9.78     4.66     1.51     2.53
   37.80     9.93     4.34     1.25     2.03
   37.86    10.15     4.80     1.17     2.45
   37.91    10.57     3.87     0.97     2.45
   37.97     9.82     5.46     1.57     2.72
   38.02     9.38     5.92     1.52     2.86
   38.08     9.85     5.87     1.38     3.07
   38.14    10.50     3.75     1.20     2.53
   38.19     9.50     4.21     1.09     2.58
   38.25     9.83     4.02     1.27     2.55
   38.30     9.79     4.05     1.27     2.35
   38.36     9.49     4.70     1.43     2.63
   38.42    10.18     4.78     1.72     2.56
   38.47     9.84     6.70     1.67     3.17
   38.53     9.70     4.35     1.09     2.50
   38.58     9.69     3.99     1.24     2.35
   38.64     9.93     4.12     1.23     2.55
   38.70     9.64     4.04     1.37     2.36
   38.75    10.44     4.34     1.33     2.33
   38.81     9.69     3.79     1.02     2.31
   38.86     9.46     4.47     1.74     2.58
   38.92    10.37     4.15     1.14     2.07
   38.98     9.64    10.44     1.33     2.37
   39.03    12.44     5.78     1.64     2.43
   39.09     9.44     6.09     1.26     2.32
   39.15     9.56     3.96     1.20     2.57
   39.20     9.62     4.11     1.27     2.40
   39.26    14.63     4.33     1.43     2.39
   39.31     9.69     5.27     1.57     2.45
   39.37     9.76     5.69     1.47     3.56
   39.42     9.51     4.76     1.35     2.66
   39.48     9.81     4.52     1.22     2.31
   39.54     9.60     3.97     1.30     2.60
   39.59    10.00     4.03     1.18     2.48
   39.65     9.57     4.17     0.99     2.11
   39.70     9.87     3.11     0.75     1.75
   39.76     8.98     1.28     0.36     1.45
   39.82     9.15     1.30     0.62     1.46
   39.87     9.43     1.03     0.50     1.29
   39.93     9.32     2.12     0.55     1.38
   39.98     9.77     4.86     1.53     2.74
   40.04     9.97     3.98     1.17     2.50
   40.10    10.65     4.32     1.33     2.46
   40.15    10.55     4.00     1.44     2.51
   40.21     9.64     5.15     1.37     3.33
   40.26    10.86     5.05     1.44     2.44
   40.32     9.54     5.71     1.41     2.75
   40.38    10.30     8.97     1.14     2.32
   40.43     9.72     4.96     1.27     2.29
   40.49    10.44     4.40     1.19     2.46
   40.54     9.63     4.27     1.44     2.21
   40.60     9.86     4.31     1.35     2.49
   40.66     9.89     4.77     1.42     2.14
   40.71     9.64     5.39     1.31     2.65
   40.77     9.73     4.64     1.32     2.44
   40.82     9.54     4.00     1.40     2.58
   40.88     9.26     4.07     1.13     2.34
   40.94     9.97     4.52     3.19     2.59
   40.99     9.23     4.57     1.28     2.23
   41.05     9.46     4.44     1.25     2.57
   41.10     9.39     4.62     1.23     2.49
   41.16    10.21     5.89     1.28     2.47
   41.22    10.32     5.71     1.56     2.70
   41.27    10.71     4.91     1.10     2.19
   41.33    10.55     3.93     1.16     2.46
   41.38    10.26     8.89     1.13     2.43
   41.44     9.45     4.17     1.07     2.81
   41.50    10.24     4.73     1.43     2.78
   41.55     9.26     4.44     1.37     2.72
   41.61     9.69     5.21     1.54     2.91
   41.66     9.65     4.62     1.24     2.51
   41.72     9.92     4.17     1.28     3.19
   41.78    10.28     4.71     1.40     2.52
   41.83     9.89     4.10     1.50     2.58
   41.89     9.59     3.86     1.18     2.20
   41.95     9.25     4.69     1.23     2.36
   42.00    10.33     4.45     1.13     2.76
   42.06     9.72    10.44     1.22     1.89
   42.11    10.96     5.14     1.34     2.43
   42.17     9.75     5.06     2.58     4.76
   42.22     9.94     5.41     1.41     2.65
   42.28     9.50     9.39     1.16     2.27
   42.34     9.38     4.00     1.51     2.50
   42.39     9.70     4.99     3.69     4.61
   42.45    10.48     5.23     1.42     2.43
   42.50     9.31     5.38     1.38     2.72
   42.56     9.37     5.14     1.26     2.57
   42.62     9.79     6.21     1.53     2.40
   42.67     9.86     4.50     1.33     2.36
   42.73    10.36     4.41     0.99     2.59
   42.78     9.44     4.11     1.16     2.92
   42.84    10.44     4.12     1.39     2.34
   42.90     9.78     4.48     1.48     2.57
   42.95    11.13     5.01     1.47     2.72
   43.01    10.62     4.41     1.36     2.48
   43.06    10.09     4.94     1.51     2.54
   43.12     9.69     5.24     1.54     2.72
   43.18     9.77     4.95     1.44     3.25
   43.23    10.34     5.28     1.45     2.89
   43.29     9.57     4.86     1.29     2.42
   43.34     9.19     4.65     1.28     2.77
   43.40    11.14     4.82     1.61     2.83
   43.46     9.49     4.81     1.43     2.68
   43.51     9.73     4.58     1.35     2.52
   43.57    10.01     3.77     1.25     2.40
   43.62    10.26     4.78     1.22     2.46
   43.68    10.12     3.81     1.20     2.62
   43.74    10.09     4.45     1.02     2.36
   43.79     9.65     4.75     1.31     2.50
   43.85     9.31     4.60     1.28     2.63
   43.90     9.95     5.42     2.75     2.50
   43.96    10.02     4.31     1.32     2.28
   44.02     9.53     4.61     1.00     3.31
   44.07     9.60     4.54     1.37     2.53
   44.13     9.85     4.61     1.46     2.68
   44.18    10.19     4.01     1.16     2.79
   44.24    12.74     3.80     0.93     2.36
   44.30     9.55     3.77     1.14     2.47
   44.35     9.90     4.82     1.06     2.45
   44.41     9.67     5.32     1.20     2.52
   44.46     9.61     4.47     1.47     3.78
   44.52     9.55     5.15     1.44     2.55
   44.57    11.12     3.54     1.44     2.55
   44.62     9.54     4.76     1.44     2.74
   44.68     9.27     0.88     0.37     1.18
   44.73     9.42     2.79     0.79     1.58
   44.78     9.20     0.60     0.48     1.52
   44.83     9.01     0.78     0.47     1.24
   44.88     9.51     1.77     0.70     1.77
   44.94     8.98     0.51     0.50     1.21
   44.99     9.57     4.53     1.01     2.47
   45.04     9.39     4.19     1.09     2.44
   45.09    10.42     4.15     1.02     2.66
   45.14     9.62     4.61     1.24     2.05
   45.20     9.31     5.20     1.14     2.73
   45.25    14.37     5.03     1.03     2.36
   45.30     9.61     4.45     1.00     2.75
   45.35     9.89     4.20     1.51     2.46
   45.40     9.31     3.66     1.37     2.44
   45.46     9.46     4.63     1.44     2.52
   45.51     9.96     4.08     0.98     2.41
   45.56     9.52     4.22     1.33     2.55
   45.61     9.42     4.00     1.41     2.61
   45.66     9.13     4.65     1.30     2.56
   45.72    10.42     5.62     1.66     2.81
   45.77     9.84     4.80     1.21     2.72
   45.82     9.70     4.29     1.23     2.40
   45.87     9.62     3.72     1.04     2.16
   45.92     9.51     4.51     1.21     2.58
   45.98    10.04     4.24     1.19     2.45
   46.03     9.64     3.99     0.88     2.64
   46.08     9.17     4.37     0.96     2.30
   46.13     9.95     8.91     0.95     2.26
   46.18     9.73     4.11     1.23     2.39
   46.24    12.18     4.43     1.23     3.01
   46.29    10.18     9.52     1.08     2.37
   46.34     9.66     5.11     1.02     2.43
   46.39     9.42     4.05     1.10     2.29
   46.44     9.41     4.70     2.00     2.80
   46.50     9.91     3.83     1.25     2.20
   46.55     9.40     4.20     0.88     2.76
   46.60    10.21     4.42     1.09     2.71
   46.65     9.91     3.77     1.09     2.44
   46.70     9.89     3.87     1.10     2.43
   46.76     9.47     5.00     1.21     2.35
   46.81     9.47     5.36     3.05     4.47
   46.86     9.47     4.69     1.37     3.06
   46.91     9.98     4.68     1.13     2.29
   46.96     9.84     3.85     1.44     2.55
   47.02    10.24     3.54     1.31     2.44
   47.07     9.84     4.07     1.16     2.28
   47.12     9.60     4.34     1.15     2.52
   47.17    10.45     4.86     1.38     2.27
   47.22    10.11     5.13     1.34     2.30
   47.28    10.26     4.27     1.23     2.73
   47.33     9.35     4.58     1.29     2.29
   47.38     9.70     5.32     1.51     2.53
   47.43    10.27     4.12     1.34     2.60
   47.48    10.56     4.43     1.42     2.55
   47.54    10.48     4.35     1.28     2.59
   47.59     9.76     4.11     1.22     2.62
   47.64     9.63     3.87     1.26     2.00
   47.69     9.36     4.10     1.39     2.49
   47.74    10.09     4.91     1.65     2.95
   47.80     9.68     4.79     1.35     2.37
   47.85     9.70     9.25     1.16     2.36
   47.90     9.67     4.94     1.52     2.23
   47.95     9.71     4.57     1.32     2.73
   48.00     9.79     4.04     1.25     2.57
   48.06     9.38     4.39     1.41     2.53
   48.11    10.06     3.89     1.06     2.32
   48.16    10.48     3.85     1.20     2.30
   48.21    10.56     3.78     1.07     2.35
   48.26    11.06     4.92     1.00     3.23
   48.32     9.65     4.73     1.29     2.60
   48.37    10.19     4.39     1.14     2.46
   48.42     9.09     3.67     1.27     2.98
   48.47     9.59     4.38     1.32     2.75
   48.52     9.47     4.15     1.12     2.39
   48.58    10.50     3.89     1.21     2.26
   48.63    10.53     3.69     1.25     2.91
   48.68     9.36     4.35     1.13     2.51
   48.73    10.18     6.23     1.79     2.83
   48.78     9.57     3.86     1.00     2.53
   48.84    10.13     4.19     1.18     2.56
   48.89     9.63     4.34     1.23     2.27
   48.94    10.71     4.47     1.47     2.34
   48.99    10.04     4.47     1.22     2.60
   49.04     9.67     4.70     1.42     2.78
   49.10    10.58     4.31     1.46     2.70
   49.15    10.60     4.66     1.23     2.51
   49.20     9.39     4.41     1.22     2.68
   49.25    10.04     4.11     1.19     2.18
   49.31    10.04     4.14     1.25     2.68
   49.36     9.51     4.89     1.24     2.41
   49.41     9.50     4.81     1.36     2.25
   49.46     9.42     4.97     1.34     3.47
   49.51     9.64     4.77     1.27     2.68
   49.56    11.02     4.34     1.22     2.60
   49.62    10.75     4.20     1.18     2.28
   49.67     9.59     4.25     1.23     2.90
   49.72     9.95     4.45     1.22     2.42
   49.77     9.40     5.18     1.49     2.31
   49.82    10.12     4.35     1.22     2.48
   49.88     9.03     4.10     1.29     2.41
   49.93     9.45     4.12     1.20     2.42
   49.98     9.55     5.12     1.57     2.60
   50.03     9.24     2.77     0.70     2.09
   50.09     9.07     0.63     0.36     1.19
   50.14     9.58     0.66     0.36     1.35
   50.19     9.31     1.69     0.81     1.73
   50.24     8.96     0.97     0.55     1.21
   50.29     9.62     1.10     0.53     1.19
   50.34     9.41     4.97     1.05     2.08
   50.40     9.52     4.64     1.16     2.34
   50.45    10.10     4.20     1.42     2.43
   50.50     9.63     4.69     1.28     2.48
   50.55     9.58     4.99     1.35     2.53
   50.60     9.87     3.53     1.05     3.06
   50.66     9.46     4.14     0.79     2.66
   50.71     9.43     4.16     1.26     2.54
   50.76     9.67     4.11     1.21     2.38
   50.81     9.84     4.49     1.29     2.48
   50.86    10.04     4.94     1.10     2.41
   50.92     9.45     4.02     1.05     2.46
   50.97     9.74     4.00     1.20     2.45
   51.02     9.84     4.07     1.19     2.58
   51.07     9.73     4.31     1.34     2.61
   51.12     9.53     4.03     1.12     2.57
   51.18    10.46     4.09     1.28     2.19
   51.23    10.12     3.81     1.11     2.20
   51.28     9.48     4.22     1.04     2.70
   51.33    10.88     4.31     1.34     2.60
   51.38     9.64     4.44     1.26     2.59
   51.44     9.33     4.57     1.29     2.58
   51.49    10.87     4.27     1.38     2.78
   51.54     9.66     4.82     1.16     2.51
   51.59     9.61     3.97     1.19     2.40
   51.64     9.45     3.96     1.28     2.63
   51.70     9.56     4.34     1.10     2.17
   51.75     9.83     4.35     1.21     2.18
   51.80     9.58     3.93     1.09     2.54
   51.85     9.46     3.97     1.18     2.68
   51.90    10.13     4.41     1.09     2.52
   51.96     9.55     5.09     1.29     2.54
   52.01    10.31     4.21     1.29     2.50
   52.06     9.52     4.05     1.10     2.57
   52.11    10.02     4.32     1.29     2.37
   52.16     9.61     3.98     1.29     2.47
   52.22     9.94     4.04     1.19     2.40
   52.27     9.59     4.15     1.28     3.39
   52.32    10.21     3.87     1.20     2.53
   52.37     9.72     4.60     1.08     2.98
   52.43     9.98     4.09     1.32     2.54
   52.48     9.75     4.48     1.33     2.28
   52.54     9.29     4.73     1.38     2.06
   52.60    10.48     4.03     1.27     2.36
   52.65    10.23     5.01     1.34     2.22
   52.71     9.20     3.63     1.52     2.32
   52.76     9.40     4.57     1.32     2.95
   52.82     9.69     3.99     1.04     2.65
   52.88     9.99     9.35     1.05     2.32
   52.93     9.46     3.94     1.32     2.13
   52.99     9.41     4.67     1.20     2.19
   53.04    12.08     4.25     1.11     2.29
   53.10    10.55     4.40     1.08     2.23
   53.16     9.73     4.26     1.43     2.36
   53.21     9.54     4.38     1.38     2.02
   53.27    13.73     4.34     1.45     2.43
   53.32     9.96     3.84     1.21     2.30
   53.38     9.65     5.09     1.10     2.15
   53.44    10.10     5.33     1.18     2.15
   53.49     9.59     4.22     1.09     2.46
   53.55     9.78     4.14     1.29     2.42
   53.60     9.63     4.49     1.21     2.58
   53.66     9.70     5.00     1.47     2.79
   53.72     9.42     5.02     1.49     2.61
   53.77    10.41     4.36     1.31     2.34
   53.83     9.57     4.50     1.03     2.24
   53.88    10.18     9.26     1.05     2.57
   53.94     9.49     3.87     1.26     2.48
   54.00     9.94     4.45     1.11     2.45
   54.05    10.27     5.48     1.35     2.85
   54.11     9.79     4.57     1.22     2.75
   54.16    14.45     4.10     1.05     2.90
   54.22    10.00     5.44     1.46     2.40
   54.28    11.02     4.56     1.43     2.66
   54.33    10.17     4.49     1.27     2.33
   54.39     9.75     5.08     1.24     2.69
   54.44    11.01     4.33     1.35     2.78
   54.50     9.43     4.47     1.44     2.47
   54.56    10.26     4.52     1.37     2.17
   54.61     9.44     5.03     1.62     2.43
   54.67     9.91     4.28     1.34     2.50
   54.72     9.89     5.24     1.20     2.64
   54.78     9.59     4.69     1.45     3.09
   54.84     9.38     4.37     1.25     2.67
   54.89     9.98     4.09     1.36     3.29
   54.95     9.84     4.44     1.14     2.07
   55.01     9.90     5.22     1.49     2.97
   55.06    11.19     0.86     0.37     1.18
   55.12     9.11     0.87     0.39     1.36
   55.17     9.40     2.41     0.75     2.07
   55.23     9.18     0.89     0.37     1.43
   55.29     9.21     0.86     0.39     1.36
   55.34     9.12     2.00     0.74     1.64
   55.40     9.82     0.87     0.37     1.35
   55.45     9.46     4.29     1.04     2.44
   55.51    10.71     4.63     1.57     2.78
   55.56     9.27     4.80     1.35     2.29
   55.62     9.74     4.27     1.34     2.53
   55.68     9.55     5.32     1.42     2.62
   55.73     9.85     5.01     1.33     2.59
   55.79     9.99     4.64     1.23     2.52
   55.84    10.35     4.24     1.20     2.73
   55.90    10.75     4.71     1.44     3.33
   55.96     9.95     5.39     1.53     2.84
   56.01     8.92     1.21     0.70     1.18
   56.07    10.23     1.83     0.57     1.79
   56.13     9.11     0.93     0.40     1.49
   56.18     9.76     1.12     0.37     1.44
   56.24     8.99     1.92     0.40     1.70
   56.29    10.02     1.68     0.55     1.49
   56.35     9.55     1.20     0.54     1.21
   56.41     9.37     1.56     0.74     1.20
   56.46     9.23     0.95     0.53     1.31
   56.52    10.07     4.38     0.95     2.13
   56.57     9.69     4.16     1.00     2.34
   56.63     9.31     4.70     1.28     2.59
   56.69     9.68     5.03     1.17     2.44
   56.74     9.39     1.19     0.38     1.32
   56.80    10.61     4.96     1.43     2.46
   56.85    10.22     9.71     1.43     2.41
   56.91     9.92     5.41     1.37     2.33
   56.97     9.22     2.00     0.64     1.52
   57.02    10.59     5.11     1.71     2.32
   57.08     9.93     5.05     1.32     2.95
   57.13    10.15     3.71     0.89     2.08
   57.19     9.91     4.17     1.34     2.75
   57.25    10.46     4.71     1.13     2.78
   57.30     9.72     4.47     1.26     1.91
   57.36     9.94     4.49     1.10     2.61
   57.41     9.52     5.44     1.47     2.53
   57.47    14.48     4.99     1.28     2.51
   57.53     9.89     4.44     2.34     2.95
   57.58     9.85     4.65     1.23     2.76
   57.64    10.04     4.90     1.34     2.38
   57.69     9.97     4.12     1.07     2.29
   57.75    10.47     4.34     1.23     2.75
   57.81     9.71     4.92     1.06     2.54
   57.86     9.62     3.92     1.46     3.93
   57.92    10.49     3.79     1.28     2.63
   57.97    11.15     4.65     1.34     3.03
   58.03    10.95     4.24     1.17     2.66
   58.09     9.69     4.64     1.25     2.66
   58.14     9.39     4.17     1.35     2.48
   58.20     9.47    10.52     1.70     2.50
   58.25     9.80     4.10     1.27     2.52
   58.31     9.46     3.97     1.32     2.45
   58.37    10.04     4.38     1.17     2.51
   58.42     9.19     4.14     2.16     2.86
   58.48     9.53     4.09     1.19     2.56
   58.53     9.77     4.00     1.28     2.21
   58.59     9.90     5.36     1.31     2.59
   58.65     9.44     4.34     1.17     2.56
   58.70     9.48     4.22     1.23     2.44
   58.76    10.29     4.60     1.34     2.79
   58.81     9.78     4.96     1.29     2.23
   58.87     9.65     4.64     1.40     2.45
   58.93     9.95     4.74     1.24     2.59
   58.98    10.04     5.15     1.40     2.60
   59.04     9.71     4.60     1.14     2.41
   59.09    10.40     4.55     1.31     2.38
   59.15     9.80     4.03     1.03     2.08
   59.21    10.38     4.54     1.28     2.53
   59.26    10.33     4.43     1.22     2.41
   59.32    10.52     3.95     1.19     2.68
   59.37    10.08     4.31     1.00     2.47
   59.43    13.71     3.72     1.20     2.58
   59.49    10.09     4.10     1.55     2.68
   59.54    10.12     5.00     1.58     2.50
   59.60     9.75     6.83     1.35     2.71
   59.65    10.01     5.14     1.20     3.21
   59.71    12.24     4.62     1.37     2.29
   59.77    13.50     4.23     1.15     2.51
   59.82     9.80     5.99     1.67     3.05
   59.88     9.46     5.27     1.62     2.57
   59.93     9.76     5.11     1.47     2.94
   59.99     9.69     5.10     1.19     2.70
   60.05     9.06     1.46     0.55     1.30
   60.10     9.27     2.44     0.77     1.83
   60.16     9.35     0.76     0.37     1.40
   60.21     9.06     0.83     0.38     1.20
   60.27     9.85     1.89     0.74     1.79
   60.33     9.68     4.17     1.32     2.77
   60.38     9.55     3.54     1.18     2.27
   60.44     9.86     3.16     1.22     2.37
   60.49     9.36     3.63     0.90     2.74
   60.55     9.56     3.86     0.65     2.09
   60.61     9.47     4.11     0.83     1.96
   60.66     9.62     3.76     0.98     2.72
   60.72     9.70     4.13     1.07     2.22
   60.77    10.44     2.92     0.86     2.46
   60.83    12.51     3.58     0.87     2.45
   60.89     9.50     5.09     1.45     2.70
   60.94     9.40     4.95     1.49     2.37
   61.00     9.73     6.02     1.71     3.07
   61.05    12.05     5.63     1.37     2.26
   61.11    10.00     4.26     1.30     2.44
   61.17    10.56     4.63     1.25     2.70
   61.22     9.59     4.36     1.35     2.62
   61.28    15.21     4.55     1.07     2.35
   61.33    10.04     4.44     1.25     2.46
   61.39     9.47     5.24     1.25     2.94
   61.45     9.83     4.35     1.33     2.52
   61.50     9.62     6.41     1.53     2.75
   61.56    10.02     5.66     1.94     2.68
   61.61     9.82     5.48     1.43     2.51
   61.67    10.52     4.85     1.63     2.73
   61.73    11.01     4.12     1.43     2.88
   61.78     9.85     3.98     1.33     2.33
   61.84     9.84     4.57     1.55     2.70
   61.89     9.42     4.31     0.94     2.69
   61.95     9.85     5.27     1.73     2.75
   62.01     9.96     5.30     1.29     2.61
   62.06    10.25     5.51     1.49     2.69
   62.12     9.77     5.24     1.37     2.71
   62.17    10.54     4.52     1.18     2.51
   62.23     9.99     4.02     1.12     2.34
   62.29    10.72     4.60     1.10     2.39
   62.34     9.99     4.56     1.38     2.41
   62.40     9.45     5.09     1.45     2.52
   62.45     9.74     4.41     1.08     2.97
   62.51     9.43     4.91     1.30     2.88
   62.57     9.93     5.57     1.87     2.64
   62.62     9.85     4.88     1.45     2.52
   62.68    10.06     5.33     1.46     2.36
   62.73    10.20     5.02     1.41     2.80
   62.79     9.99     4.94     1.42     2.69
   62.85     9.88     4.73     1.23     2.54
   62.90     9.90     4.62     1.55     2.68
   62.96     9.40     4.65     1.30     2.79
   63.01     9.51     4.67     1.35     2.84
   63.07     9.69     5.77     1.42     3.01
   63.13    10.45     4.15     1.30     2.78
   63.18    10.93     4.41     1.11     2.50
   63.24     9.69     4.00     0.94     2.38
   63.29     9.93     5.38     0.79     2.23
   63.35     9.45     3.61     1.06     2.10
   63.41     9.59     4.32     1.26     2.66
   63.46    10.18     5.35     1.35     2.79
   63.52     9.96     4.91     1.26     2.57
   63.57     9.87     5.20     1.38     2.53
   63.63     9.38     5.57     1.49     2.37
   63.69    10.75     4.76     1.28     2.84
   63.74     9.49     4.49     1.37     2.32
