      0              0              0
      1             49              0
      2           2082              0
      3          35942              0
      4         111378              0
      5          77711              0
      6          59558              0
      7         209009              0
      8       39361847            700
      9         117833         304598
     10          13371       39627589
     11           2687          53597
     12           4095           4033
     13           3561           2806
     14            761           3468
     15             90           2962
     16             16            221
     17              7             15
     18              3              7
     19              0              1
     20              0              3
     21              0              0
