  0              0              2
  1              0              1
  2              0             16
  3              0             62
  4              0          32013
  5              0         146784
  6              0         108252
  7              0          43161
  8            165          92108
  9         130691         267450
 10         484114         202462
 11         294222          37629
 12          43047          10336
 13          18373          23463
 14          18071          30459
 15          15784          12061
 16           3036           1220
 17            280            241
 18            108            111
 19             67            118
 20             33             48
 21              9              3
 22              0              0
