    0.00     9.26    14.77     0.53     0.04
    0.06     8.83    14.88     0.47     0.04
    0.11     8.79    13.12     0.30     0.04
    0.17     8.77    13.09     0.31     0.04
    0.22     8.87    15.23     0.34     0.04
    0.28     8.85    13.29     0.29     0.04
    0.34     8.84    13.26     0.30     0.04
    0.39     8.82    18.42     0.31     0.04
    0.45     8.90    15.77     0.33     0.04
    0.50     8.77    13.18     0.31     0.04
    0.56     9.02    14.41     0.31     0.04
    0.62     8.85    13.35     0.31     0.04
    0.67     8.78    13.14     0.29     0.04
    0.73     8.83    13.21     0.31     0.04
    0.78     8.84    13.15     0.30     0.04
    0.84     8.81    13.20     0.32     0.04
    0.90     8.82    13.19     0.29     0.04
    0.95     8.86    13.11     0.30     0.04
    1.01     8.87    15.06     0.32     0.04
    1.06     8.89    13.18     0.31     0.04
    1.12     8.90    13.19     0.32     0.04
    1.18     8.80    13.09     0.31     0.04
    1.23     8.87    13.28     0.28     0.04
    1.29     8.84    15.85     0.31     0.04
    1.34     8.91    13.06     0.29     0.04
    1.40     8.80    16.99     0.31     0.04
    1.46     8.79    13.19     0.29     0.04
    1.51     8.79    12.95     0.29     0.04
    1.57     8.77    12.85     0.29     0.04
    1.62     8.86    13.25     0.29     0.04
    1.68     8.77    14.49     0.30     0.04
    1.74     8.80    13.17     0.29     0.04
    1.79     8.91    13.17     0.28     0.04
    1.85     8.86    13.13     0.29     0.04
    1.90     8.85    14.15     0.32     0.04
    1.96     8.83    13.17     0.29     0.04
    2.02     8.83    13.23     0.28     0.04
    2.07     8.79    14.68     0.29     0.04
    2.13     8.78    14.05     0.34     0.04
    2.18     8.78    15.43     0.46     0.04
    2.24     8.84    13.31     0.31     0.04
    2.30     8.89    13.05     0.30     0.04
    2.35     8.81    13.13     0.29     0.04
    2.41     8.79    16.75     0.31     0.04
    2.46     8.86    13.10     0.29     0.04
    2.52     8.80    13.75     0.28     0.04
    2.58     8.79    13.05     0.32     0.04
    2.63     8.79    13.24     0.32     0.04
    2.69     8.80    15.07     0.34     0.04
    2.75     8.75    13.70     0.31     0.04
    2.80     8.91    13.87     0.32     0.04
    2.86     8.79    13.09     0.29     0.04
    2.91     8.89    13.13     0.29     0.04
    2.97     8.79    13.04     0.30     0.04
    3.02     8.87    16.70     0.33     0.04
    3.08     8.77    13.09     0.31     0.04
    3.14     8.82    14.10     0.33     0.04
    3.19     8.86    13.03     0.29     0.04
    3.25     8.89    13.11     0.29     0.04
    3.30     8.79    12.98     0.30     0.04
    3.36     8.82    13.09     0.32     0.04
    3.42     8.88    18.13     0.31     0.04
    3.47     8.86    13.05     0.29     0.04
    3.53     8.89    14.56     0.33     0.04
    3.58     8.89    12.96     0.31     0.04
    3.64     8.87    13.27     0.30     0.04
    3.70     8.86    12.96     0.29     0.04
    3.75     8.80    13.18     0.30     0.04
    3.81     8.80    14.39     0.31     0.04
    3.86     8.86    13.45     0.32     0.04
    3.92     8.77    14.55     0.31     0.04
    3.98     8.78    14.30     0.31     0.04
    4.03     8.75    13.22     0.29     0.04
    4.09     8.78    13.03     0.29     0.04
    4.14     8.89    13.18     0.30     0.04
    4.20     8.83    13.24     0.28     0.04
    4.26     8.77    13.31     0.29     0.04
    4.31     8.83    13.15     0.30     0.04
    4.37     8.84    13.08     0.29     0.04
    4.42     8.88    16.24     0.31     0.04
    4.48     8.82    13.36     0.29     0.04
    4.54     8.76    13.02     0.29     0.04
    4.59     8.89    14.27     0.30     0.04
    4.65     8.78    13.42     0.31     0.04
    4.70     8.86    13.10     0.31     0.04
    4.76     8.83    13.22     0.29     0.04
    4.82     9.21    25.47     0.60     0.04
    4.87     8.91    13.11     0.30     0.04
    4.93     8.79    13.22     0.30     0.04
    4.98     8.89    13.22     0.29     0.04
    5.04     9.04    18.24     0.45     0.04
    5.10     8.84    13.44     0.29     0.04
    5.15     8.89    13.33     0.30     0.04
    5.21     8.80    13.31     0.29     0.04
    5.26     8.77    15.18     0.33     0.04
    5.32     8.79    13.27     0.31     0.04
    5.38     8.78    20.58     0.31     0.04
    5.43     8.87    13.44     0.30     0.04
    5.49     8.77    12.86     0.29     0.04
    5.55     8.93    14.85     0.31     0.04
    5.60     8.88    17.13     0.33     0.04
    5.66     8.79    13.16     0.31     0.04
    5.71     8.95    14.64     0.32     0.04
    5.77     8.76    13.23     0.29     0.04
    5.82     8.84    13.37     0.31     0.04
    5.88     8.87    15.53     0.33     0.04
    5.94     8.76    14.54     0.30     0.04
    5.99     8.82    12.96     0.32     0.04
    6.05     8.77    13.40     0.31     0.04
    6.10     8.87    13.13     0.31     0.04
    6.16     8.85    13.89     0.32     0.04
    6.22     8.80    13.39     0.31     0.04
    6.27     8.89    13.17     0.31     0.04
    6.33     8.91    14.41     0.33     0.04
    6.38     8.90    19.47     0.31     0.04
    6.44     8.84    13.26     0.29     0.04
    6.50     8.79    13.10     0.29     0.04
    6.55     8.83    13.24     0.32     0.04
    6.61     8.80    13.07     0.29     0.04
    6.66     8.84    12.78     0.29     0.04
    6.72     8.77    14.13     0.32     0.04
    6.78     8.90    13.00     0.29     0.04
    6.83     8.86    13.15     0.29     0.04
    6.89     8.89    13.04     0.31     0.04
    6.94     8.82    13.08     0.29     0.04
    7.00     8.87    14.16     0.31     0.04
    7.06     8.84    12.93     0.31     0.04
    7.11     8.86    13.02     0.30     0.04
    7.17     8.90    14.15     0.29     0.04
    7.22     8.86    14.42     0.31     0.04
    7.28     8.77    12.94     0.28     0.04
    7.34     8.82    13.00     0.30     0.04
    7.39     8.80    15.04     0.31     0.04
    7.45     8.89    13.28     0.29     0.04
    7.50     8.90    13.23     0.28     0.04
    7.56     8.79    14.54     0.32     0.04
    7.62     8.89    13.18     0.29     0.04
    7.67     8.83    13.02     0.29     0.04
    7.73     8.89    13.11     0.30     0.04
    7.78     8.76    16.47     0.69     0.04
    7.84     8.80    13.24     0.31     0.04
    7.90     8.90    15.00     0.30     0.04
    7.95     8.82    13.22     0.30     0.04
    8.01     8.80    16.02     0.32     0.04
    8.06     8.86    13.04     0.29     0.04
    8.12     8.78    13.08     0.29     0.04
    8.18     8.84    13.02     0.30     0.04
    8.23     9.16    17.69     0.59     0.04
    8.29     8.77    13.07     0.29     0.04
    8.35     8.87    13.71     0.29     0.04
    8.40     8.80    24.34     0.29     0.04
    8.46     8.86    13.39     0.30     0.04
    8.51     8.82    13.05     0.29     0.04
    8.57     8.83    13.10     0.29     0.04
    8.62     8.89    13.26     0.29     0.04
    8.68     8.84    13.13     0.29     0.04
    8.74     8.80    13.11     0.30     0.04
    8.79     8.79    14.72     0.29     0.04
    8.85     8.86    14.39     0.32     0.04
    8.90     8.89    13.10     0.30     0.04
    8.96     8.86    13.13     0.29     0.04
    9.02     8.87    14.84     0.31     0.04
    9.07     8.87    13.14     0.29     0.04
    9.13     8.78    13.04     0.32     0.04
    9.18     8.80    13.06     0.29     0.04
    9.24     8.86    13.38     0.30     0.04
    9.30     8.86    14.32     0.30     0.04
    9.35     8.80    12.99     0.32     0.04
    9.41     8.87    15.33     0.31     0.04
    9.46     8.83    13.05     0.28     0.04
    9.52     8.78    13.06     0.32     0.04
    9.58     8.79    12.91     0.29     0.04
    9.63     8.79    13.07     0.29     0.04
    9.69     8.81    12.85     0.28     0.04
    9.74     8.77    14.45     0.32     0.04
    9.80     8.78    13.15     0.31     0.04
    9.86     8.85    14.52     0.33     0.04
    9.91     8.85    14.62     0.32     0.04
    9.97     8.83    13.23     0.29     0.04
   10.02     8.77    13.33     0.31     0.04
   10.08     8.82    14.83     0.46     0.04
   10.14     8.78    13.24     0.32     0.04
   10.19     8.84    13.16     0.29     0.04
   10.25     8.86    13.66     0.33     0.04
   10.30     8.81    14.96     0.33     0.04
   10.36     8.89    13.19     0.31     0.04
   10.42     8.87    17.77     0.32     0.04
   10.47     8.89    13.63     0.29     0.04
   10.53     8.78    14.99     0.32     0.04
   10.58     8.87    13.06     0.30     0.04
   10.64     8.88    13.23     0.29     0.04
   10.70     8.83    14.14     0.31     0.04
   10.75     8.85    13.12     0.30     0.04
   10.81     8.84    13.22     0.31     0.04
   10.86     8.89    12.96     0.30     0.04
   10.92     8.91    13.07     0.30     0.04
   10.98     8.84    13.05     0.29     0.04
   11.03     8.76    14.08     0.31     0.04
   11.09     8.87    13.01     0.32     0.04
   11.15     8.93    15.24     0.33     0.04
   11.20     8.96    14.77     0.31     0.04
   11.26     8.77    13.02     0.31     0.04
   11.31     8.79    13.10     0.32     0.04
   11.37     8.77    14.55     0.32     0.04
   11.42     8.79    17.82     0.33     0.04
   11.48     8.80    13.13     0.32     0.04
   11.54     8.79    14.12     0.32     0.04
   11.59     8.84    12.90     0.31     0.04
   11.65     8.79    13.27     0.32     0.04
   11.70     8.90    12.96     0.31     0.04
   11.76     8.86    13.15     0.31     0.04
   11.82     8.86    13.38     0.30     0.04
   11.87     8.80    13.11     0.32     0.04
   11.93     8.79    14.22     0.31     0.04
   11.98     8.79    13.78     0.32     0.04
   12.04     8.89    13.10     0.31     0.04
   12.10     8.78    12.97     0.30     0.04
   12.15     8.85    14.18     0.32     0.04
   12.21     8.83    13.11     0.31     0.04
   12.26     8.90    12.90     0.32     0.04
   12.32     9.07    13.13     0.32     0.04
   12.38     8.84    18.07     0.31     0.04
   12.43     8.77    13.19     0.29     0.04
   12.49     8.86    12.85     0.29     0.04
   12.54     8.86    13.14     0.28     0.04
   12.60     8.87    13.27     0.28     0.04
   12.66     8.82    13.22     0.29     0.04
   12.71     8.86    13.11     0.28     0.04
   12.77     8.79    12.96     0.31     0.04
   12.82     8.91    13.23     0.31     0.04
   12.88     8.77    13.08     0.29     0.04
   12.94     8.89    13.52     0.30     0.04
   12.99     8.78    13.42     0.29     0.04
   13.05     8.80    14.42     0.32     0.04
   13.10     8.79    12.92     0.30     0.04
   13.16     8.78    14.17     0.33     0.04
   13.22     8.80    13.28     0.31     0.04
   13.27     8.87    12.91     0.29     0.04
   13.33     8.77    13.02     0.32     0.04
   13.38     8.76    19.99     0.46     0.04
   13.44     8.86    13.35     0.29     0.04
   13.50     8.89    12.98     0.29     0.04
   13.55     8.91    13.34     0.30     0.04
   13.61     8.80    13.52     0.29     0.04
   13.66     8.79    13.33     0.29     0.04
   13.72     8.85    13.18     0.31     0.04
   13.78     8.79    13.05     0.31     0.04
   13.83     8.78    13.15     0.29     0.04
   13.89     8.86    14.26     0.34     0.04
   13.95     8.75    16.69     0.33     0.04
   14.00     8.83    14.98     0.32     0.04
   14.06     8.77    13.10     0.31     0.04
   14.11     8.80    13.07     0.30     0.04
   14.17     8.89    13.12     0.29     0.04
   14.22     8.83    13.17     0.31     0.04
   14.28     8.77    13.10     0.30     0.04
   14.34     8.77    14.67     0.32     0.04
   14.39     8.80    17.05     0.32     0.04
   14.45     8.87    13.56     0.31     0.04
   14.50     8.84    13.04     0.29     0.04
   14.56     8.90    13.09     0.30     0.04
   14.62     8.84    13.34     0.29     0.04
   14.67     8.82    12.87     0.31     0.04
   14.73     8.80    16.10     0.32     0.04
   14.78     8.78    13.05     0.29     0.04
   14.84     8.88    13.22     0.29     0.04
   14.90     8.82    13.27     0.29     0.04
   14.95     8.79    13.06     0.29     0.04
   15.01     8.88    14.65     0.30     0.04
   15.06     8.77    13.09     0.29     0.04
   15.12     8.76    14.26     0.32     0.04
   15.18     8.77    14.85     0.32     0.04
   15.23     8.86    13.31     0.29     0.04
   15.29     8.82    13.08     0.29     0.04
   15.34     8.88    13.36     0.29     0.04
   15.40     8.87    17.40     0.29     0.04
   15.46     8.89    13.18     0.29     0.04
   15.51   161.30   822.76     0.44     0.04
   15.57   159.93   951.82     0.34     0.04
   15.62     8.98    15.23     0.31     0.04
   15.68     8.82    13.10     0.32     0.04
   15.74     8.78    13.30     0.32     0.04
   15.79     8.77    13.03     0.31     0.04
   15.85     8.77    13.37     0.31     0.04
   15.90     9.42    25.39     1.21     0.06
   15.96     9.51    47.40     1.02     0.04
   16.02     9.39    34.42     1.21     0.06
   16.07     8.79    14.31     0.33     0.04
   16.13     8.83    14.21     0.33     0.04
   16.18     8.89    13.98     0.31     0.04
   16.24     8.87    13.58     0.31     0.04
   16.30     8.89    12.16     0.29     0.04
   16.35     8.85    12.29     0.32     0.04
   16.41     9.18    12.78     0.31     0.04
   16.46     8.78    12.03     0.33     0.04
   16.52     8.80    12.15     0.32     0.04
   16.58     8.79    12.25     0.30     0.04
   16.63     8.89    12.34     0.29     0.04
   16.69     8.80    12.29     0.31     0.04
   16.75     8.75    12.84     0.31     0.04
   16.80     8.84    13.62     0.30     0.04
   16.86     8.80    12.26     0.30     0.04
   16.91     9.27    23.49     0.70     0.04
   16.97     9.03    25.41     0.36     0.04
   17.02     8.85    15.21     0.33     0.04
   17.08     8.86    14.25     0.30     0.04
   17.14     8.79    14.79     0.30     0.04
   17.19     8.86    15.46     0.31     0.04
   17.25     9.03    15.74     0.35     0.04
   17.30     9.25    28.93     0.77     0.04
   17.36     8.93    15.67     0.31     0.04
   17.42     8.75    14.63     0.31     0.04
   17.47     8.77    13.93     0.30     0.04
   17.53     8.85    15.33     0.30     0.04
   17.58     8.82    14.93     0.32     0.04
   17.64     8.83    12.14     0.30     0.04
   17.70     8.77    12.45     0.29     0.04
   17.75     8.80    12.52     0.31     0.04
   17.81     8.77    12.55     0.30     0.04
   17.86     8.93    17.77     0.34     0.04
   17.92     8.86    14.00     0.32     0.04
   17.98     8.79    12.39     0.30     0.04
   18.03     8.87    13.79     0.42     0.04
   18.09     8.78    12.48     0.31     0.04
   18.14     8.83    12.40     0.31     0.04
   18.20     8.84    12.30     0.30     0.04
   18.26     8.84    12.12     0.29     0.04
   18.31     9.41    35.68     1.10     0.06
   18.37     9.37    28.30     0.91     0.06
   18.42     8.79    12.62     0.29     0.04
   18.48     8.89    12.46     0.31     0.04
   18.54     8.77    13.10     0.29     0.04
   18.59     8.80    12.31     0.30     0.04
   18.65     8.80    12.21     0.29     0.04
   18.70     8.78    12.32     0.30     0.04
   18.76     8.84    16.30     0.32     0.04
   18.82     8.80    12.60     0.30     0.04
   18.87     8.79    12.18     0.29     0.04
   18.93     8.84    13.99     0.33     0.04
   18.98     8.84    12.18     0.31     0.04
   19.04     8.89    13.30     0.29     0.04
   19.10     8.84    12.21     0.30     0.04
   19.15     8.84    12.33     0.31     0.04
   19.21     8.80    14.73     0.32     0.04
   19.26     8.78    13.94     0.38     0.04
   19.32     8.88    17.35     0.29     0.04
   19.38     8.83    12.20     0.29     0.04
   19.43     8.88    12.42     0.30     0.04
   19.49     8.77    12.30     0.30     0.04
   19.55     8.76    13.65     0.31     0.04
   19.60     8.83    13.19     0.30     0.04
   19.66     8.77    14.74     0.30     0.04
   19.71     8.84    12.21     0.29     0.04
   19.77     8.84    13.45     0.32     0.04
   19.82     8.85    12.13     0.29     0.04
   19.88     8.76    12.35     0.30     0.04
   19.94     8.78    13.58     0.29     0.04
   19.99     8.84    12.18     0.29     0.04
   20.05     8.78    12.17     0.29     0.04
   20.10     8.84    13.40     0.32     0.04
   20.16     8.85    13.77     0.44     0.04
   20.22     8.83    12.36     0.29     0.04
   20.27     8.89    12.29     0.29     0.04
   20.33     8.87    17.17     0.33     0.04
   20.38     8.76    12.58     0.31     0.04
   20.44     8.83    12.90     0.29     0.04
   20.50     9.07    12.39     0.29     0.04
   20.55     8.89    14.10     0.44     0.04
   20.61     8.78    12.33     0.31     0.04
   20.66     8.87    14.93     0.31     0.04
   20.72     8.88    13.91     0.32     0.04
   20.78     8.74    12.20     0.31     0.04
   20.83     8.84    12.70     0.32     0.04
   20.89     8.77    12.20     0.32     0.04
   20.94     8.90    12.34     0.32     0.04
   21.00   159.76  1107.91     0.46     0.04
   21.06     9.02    15.68     0.46     0.04
   21.11     8.80    16.35     0.33     0.04
   21.17     8.84    12.25     0.29     0.04
   21.22     8.75    12.37     0.30     0.04
   21.28     8.91    13.27     0.32     0.04
   21.34     8.83    16.58     0.32     0.04
   21.39     8.85    12.28     0.31     0.04
   21.45     8.86    12.31     0.31     0.04
   21.50     8.77    14.71     0.36     0.04
   21.56     8.85    12.39     0.31     0.04
   21.62     8.89    12.27     0.32     0.04
   21.67     8.83    12.10     0.30     0.04
   21.73     8.77    12.20     0.30     0.04
   21.78     8.90    12.12     0.31     0.04
   21.84     8.77    12.16     0.30     0.04
   21.90     8.83    13.72     0.48     0.04
   21.95     8.87    13.48     0.34     0.04
   22.01     8.84    12.25     0.30     0.04
   22.06     8.87    12.16     0.30     0.04
   22.12     8.91    12.16     0.30     0.04
   22.18     8.87    12.17     0.30     0.04
   22.23     8.86    12.10     0.31     0.04
   22.29     8.86    12.39     0.31     0.04
   22.35     8.85    17.74     0.31     0.04
   22.40     8.90    13.45     0.31     0.04
   22.46     8.77    12.32     0.30     0.04
   22.51     8.80    12.34     0.31     0.04
   22.57     8.85    12.20     0.29     0.04
   22.62     8.82    12.21     0.29     0.04
   22.68     8.77    12.28     0.30     0.04
   22.74     8.91    12.29     0.28     0.04
   22.79     8.89    13.91     0.30     0.04
   22.85     8.79    12.07     0.29     0.04
   22.90     8.77    12.24     0.30     0.04
   22.96     8.80    12.23     0.29     0.04
   23.02     8.82    12.37     0.29     0.04
   23.07     8.86    12.15     0.29     0.04
   23.13     8.78    13.74     0.32     0.04
   23.18     8.77    12.24     0.30     0.04
   23.24     8.77    13.31     0.34     0.04
   23.30     8.80    13.08     0.30     0.04
   23.35     8.83    15.69     0.29     0.04
   23.41     8.78    12.39     0.29     0.04
   23.46     8.77    12.17     0.31     0.04
   23.52     8.89    12.32     0.31     0.04
   23.58     8.79    12.18     0.29     0.04
   23.63     8.83    12.19     0.29     0.04
   23.69     8.77    12.33     0.30     0.04
   23.74     8.82    12.25     0.29     0.04
   23.80     8.83    13.64     0.32     0.04
   23.86     8.81    12.35     0.32     0.04
   23.91     8.78    13.05     0.31     0.04
   23.97     8.90    12.17     0.31     0.04
   24.02     8.79    12.26     0.29     0.04
   24.08     8.87    13.35     0.34     0.04
   24.14     8.80    12.08     0.32     0.04
   24.19     8.89    12.11     0.29     0.04
   24.25     8.84    13.05     0.32     0.04
   24.30     8.80    14.55     0.29     0.04
   24.36     8.89    12.24     0.31     0.04
   24.42     8.84    12.36     0.29     0.04
   24.47     8.79    12.11     0.30     0.04
   24.53     8.89    12.46     0.30     0.04
   24.58     8.94    12.02     0.30     0.04
   24.64     8.80    13.79     0.31     0.04
   24.70     8.82    12.13     0.29     0.04
   24.75     8.82    12.13     0.32     0.04
   24.81     8.76    12.19     0.28     0.04
   24.86     8.83    13.33     0.32     0.04
   24.92     8.87    12.27     0.30     0.04
   24.98     8.89    12.10     0.31     0.04
   25.03     8.77    12.19     0.29     0.04
   25.09     8.84    13.37     0.32     0.04
   25.15     8.74    12.75     0.31     0.04
   25.20     8.87    15.86     0.31     0.04
   25.26     8.76    12.25     0.31     0.04
   25.31     8.87    17.98     0.31     0.04
   25.37     8.78    12.62     0.32     0.04
   25.42     8.76    12.27     0.29     0.04
   25.48     8.87    14.12     0.31     0.04
   25.54     8.90    13.44     0.32     0.04
   25.59     8.89    12.11     0.31     0.04
   25.65     8.82    13.92     0.33     0.04
   25.70     8.84    12.29     0.32     0.04
   25.76     8.78    12.29     0.31     0.04
   25.82     8.77    12.16     0.31     0.04
   25.87     8.78    12.80     0.31     0.04
   25.93     8.81    13.96     0.32     0.04
   25.99     8.85    12.24     0.32     0.04
   26.05     8.89    12.14     0.29     0.04
   26.10     8.77    11.96     0.30     0.04
   26.16     8.80    12.08     0.29     0.04
   26.22     8.82    12.11     0.29     0.04
   26.27     8.77    12.03     0.31     0.04
   26.33     8.77    18.10     0.33     0.04
   26.38     8.84    12.01     0.30     0.04
   26.44     8.89    11.98     0.29     0.04
   26.50     8.87    11.97     0.30     0.04
   26.55     8.82    12.04     0.30     0.04
   26.61     8.86    12.24     0.29     0.04
   26.66     8.87    13.56     0.31     0.04
   26.72     8.89    12.18     0.30     0.04
   26.78     8.79    12.11     0.29     0.04
   26.83     8.80    12.27     0.29     0.04
   26.89     8.79    12.02     0.31     0.04
   26.94     8.89    12.27     0.30     0.04
   27.00     8.90    13.25     0.32     0.04
   27.06     8.77    12.16     0.30     0.04
   27.11     8.84    12.24     0.31     0.04
   27.17     8.78    12.25     0.29     0.04
   27.22     8.82    12.17     0.29     0.04
   27.28     8.92    12.78     0.29     0.04
   27.34     8.87    14.22     0.31     0.04
   27.39     8.87    14.88     0.45     0.04
   27.45     8.89    12.27     0.31     0.04
   27.50     8.89    12.22     0.29     0.04
   27.56     8.89    12.36     0.29     0.04
   27.62     8.79    12.30     0.29     0.04
   27.67     8.88    12.14     0.30     0.04
   27.73     8.82    12.20     0.31     0.04
   27.78     8.85    12.21     0.29     0.04
   27.84     8.86    14.11     0.31     0.04
   27.90     8.91    13.91     0.44     0.04
   27.96     8.75    12.86     0.30     0.04
   28.01     8.86    13.00     0.31     0.04
   28.06     8.80    12.09     0.31     0.04
   28.12     8.80    12.19     0.32     0.04
   28.18     8.81    12.10     0.29     0.04
   28.23     8.82    12.15     0.28     0.04
   28.29     8.79    15.82     0.34     0.04
   28.34     8.79    17.71     0.31     0.04
   28.40     8.84    12.37     0.29     0.04
   28.46     8.78    12.21     0.29     0.04
   28.51     8.85    12.52     0.32     0.04
   28.57     8.78    12.19     0.31     0.04
   28.62     8.77    12.47     0.29     0.04
   28.68     8.96    13.67     0.33     0.04
   28.74     8.78    12.40     0.30     0.04
   28.79     8.85    12.19     0.29     0.04
   28.85     8.80    12.24     0.31     0.04
   28.90     8.74    12.09     0.29     0.04
   28.96     8.85    12.39     0.32     0.04
   29.02     8.90    12.12     0.31     0.04
   29.07     8.81    13.40     0.33     0.04
   29.13     8.91    13.48     0.33     0.04
   29.18     8.77    12.15     0.30     0.04
   29.24     8.83    12.41     0.29     0.04
   29.30     8.83    12.74     0.31     0.04
   29.35     8.83    14.53     0.30     0.04
   29.41     8.78    12.26     0.29     0.04
   29.46     8.86    12.25     0.29     0.04
   29.52     8.82    13.69     0.32     0.04
   29.58     8.86    12.16     0.30     0.04
   29.63     8.78    12.10     0.29     0.04
   29.69     8.84    12.00     0.29     0.04
   29.74     8.78    12.07     0.29     0.04
   29.80     8.87    12.12     0.29     0.04
   29.86     8.78    13.62     0.34     0.04
   29.91     8.85    12.91     0.31     0.04
   29.97     8.86    13.16     0.33     0.04
   30.02     8.81    12.04     0.29     0.04
   30.08     8.87    12.13     0.30     0.04
   30.14     8.82    12.07     0.29     0.04
   30.19     8.88    12.24     0.28     0.04
   30.25     8.80    13.56     0.32     0.04
   30.30     8.83    17.15     0.31     0.04
   30.36     8.76    12.04     0.31     0.04
   30.42     8.82    12.09     0.29     0.04
   30.47     8.80    11.94     0.30     0.04
   30.53     8.89    12.21     0.30     0.04
   30.58     8.83    13.54     0.31     0.04
   30.64     8.80    12.35     0.29     0.04
   30.70     8.78    12.24     0.30     0.04
   30.76     8.84    13.06     0.32     0.04
   30.81     8.83    12.75     0.31     0.04
   30.86     8.80    14.63     0.31     0.04
   30.92     8.78    12.24     0.30     0.04
   30.98     8.91    12.08     0.33     0.04
   31.03     8.82    13.76     0.30     0.04
   31.09     8.86    12.25     0.29     0.04
   31.14     8.82    12.31     0.31     0.04
   31.20     8.81    12.15     0.28     0.04
   31.26     8.87    12.16     0.31     0.04
   31.31     8.83    17.25     0.32     0.04
   31.37     8.81    12.61     0.30     0.04
   31.42     8.86    13.80     0.30     0.04
   31.48     8.84    11.99     0.31     0.04
   31.54     8.79    12.11     0.31     0.04
   31.59     8.85    12.09     0.31     0.04
   31.65     8.77    13.65     0.32     0.04
   31.70     8.87    12.03     0.29     0.04
   31.76     8.91    12.19     0.30     0.04
   31.82     8.80    12.13     0.30     0.04
   31.87     8.78    13.72     0.33     0.04
   31.93     8.81    12.93     0.32     0.04
   31.98     8.83    12.22     0.28     0.04
   32.04     8.86    12.21     0.29     0.04
   32.10     8.84    12.15     0.29     0.04
   32.15     8.78    12.07     0.29     0.04
   32.21     8.87    12.32     0.29     0.04
   32.26     8.91    12.07     0.30     0.04
   32.32     8.79    14.91     0.31     0.04
   32.38     8.77    11.98     0.29     0.04
   32.43     8.84    13.52     0.31     0.04
   32.49     8.88    12.00     0.30     0.04
   32.54     8.80    12.12     0.32     0.04
   32.60     8.84    12.11     0.29     0.04
   32.66     8.77    11.98     0.29     0.04
   32.71     8.86    13.68     0.33     0.04
   32.77     8.89    12.29     0.30     0.04
   32.82     8.87    12.27     0.28     0.04
   32.88     8.85    12.18     0.31     0.04
   32.94     8.82    12.27     0.29     0.04
   32.99     8.78    13.98     0.32     0.04
   33.05     8.87    12.09     0.31     0.04
   33.10     8.80    12.08     0.30     0.04
   33.16     8.77    13.91     0.34     0.04
   33.22     8.87    12.19     0.28     0.04
   33.27     8.84    14.25     0.32     0.04
   33.33     8.87    16.73     0.31     0.04
   33.38     8.90    12.20     0.29     0.04
   33.44     8.81    12.12     0.29     0.04
   33.50     8.83    12.26     0.32     0.04
   33.56     8.83    14.04     0.29     0.04
   33.61     8.84    12.48     0.31     0.04
   33.66     8.77    12.20     0.30     0.04
   33.72     8.84    12.14     0.30     0.04
   33.78     8.78    12.05     0.31     0.04
   33.83     8.77    12.18     0.30     0.04
   33.89     8.80    12.49     0.32     0.04
   33.94     8.87    12.93     0.31     0.04
   34.00     8.82    13.48     0.31     0.04
   34.06     8.79    13.36     0.32     0.04
   34.11     8.80    12.17     0.31     0.04
   34.17     8.89    12.06     0.30     0.04
   34.22     8.81    12.22     0.30     0.04
   34.24     8.77    27.69     0.29     0.04
   34.28     8.88    12.33     0.30     0.04
   34.34     8.86    16.42     0.32     0.04
   34.39     8.84    12.34     0.29     0.04
   34.45     8.77    11.94     0.30     0.04
   34.50     8.77    13.42     0.30     0.04
   34.56     8.86    12.18     0.29     0.04
   34.62     8.77    12.24     0.29     0.04
   34.67     8.77    12.13     0.31     0.04
   34.73     8.79    12.33     0.31     0.04
   34.78     8.81    12.12     0.31     0.04
   34.84     8.80    12.29     0.29     0.04
   34.90     8.84    12.18     0.30     0.04
   34.95     8.77    14.14     0.32     0.04
   35.01     8.87    12.38     0.29     0.04
   35.06     8.84    12.13     0.29     0.04
   35.12     8.91    12.48     0.30     0.04
   35.18     8.77    12.14     0.31     0.04
   35.23     8.87    12.28     0.30     0.04
   35.29     9.09    16.71     0.44     0.04
   35.34     8.77    17.84     0.32     0.04
   35.40     8.85    12.07     0.31     0.04
   35.46     8.86    12.03     0.30     0.04
   35.51     8.77    12.80     0.31     0.04
   35.57     8.79    12.08     0.32     0.04
   35.62     8.87    12.25     0.30     0.04
   35.68     8.77    12.19     0.31     0.04
   35.74     8.77    14.32     0.33     0.04
   35.79     8.86    13.23     0.34     0.04
   35.85     8.90    12.20     0.31     0.04
   35.90     9.03    13.16     0.32     0.04
   35.96     8.77    12.31     0.31     0.04
   36.02     8.87    12.20     0.29     0.04
   36.07     8.77    12.28     0.29     0.04
   36.13     8.90    12.17     0.31     0.04
   36.18     8.77    12.53     0.31     0.04
   36.24     8.84    13.32     0.31     0.04
   36.30     8.83    12.91     0.32     0.04
   36.35     8.90    18.13     0.31     0.04
   36.41     8.77    12.30     0.29     0.04
   36.46     8.83    12.09     0.29     0.04
   36.52     8.86    15.15     0.32     0.04
   36.58     8.87    12.16     0.30     0.04
   36.63     8.83    13.14     0.32     0.04
   36.69     8.77    12.11     0.31     0.04
   36.74     8.84    12.22     0.30     0.04
   36.80     8.83    12.45     0.29     0.04
   36.86     8.94    12.26     0.29     0.04
   36.91     8.76    12.25     0.30     0.04
   36.97     8.77    12.09     0.31     0.04
   37.02     8.84    12.31     0.29     0.04
   37.08     8.82    13.38     0.33     0.04
   37.14     8.91    12.29     0.31     0.04
   37.19     8.88    12.28     0.29     0.04
   37.25     8.87    12.13     0.29     0.04
   37.30     8.92    17.82     0.31     0.04
   37.36     8.87    12.25     0.32     0.04
   37.42     8.86    12.12     0.29     0.04
   37.47     8.88    11.94     0.31     0.04
   37.53     8.90    12.18     0.31     0.04
   37.58     8.84    12.15     0.30     0.04
   37.64     8.78    12.17     0.29     0.04
   37.70     8.86    13.54     0.32     0.04
   37.75     8.84    12.21     0.31     0.04
   37.81     8.80    12.22     0.29     0.04
   37.86     8.86    12.28     0.30     0.04
   37.92     8.90    13.08     0.31     0.04
   37.98     8.83    12.27     0.32     0.04
   38.03     8.88    12.10     0.30     0.04
   38.09     8.85    12.04     0.29     0.04
   38.14     8.91    13.20     0.31     0.04
   38.20     8.99    15.37     0.56     0.04
   38.26     8.77    12.20     0.30     0.04
   38.31     8.81    19.65     0.30     0.04
   38.37     8.89    12.98     0.29     0.04
   38.42     8.78    12.21     0.29     0.04
   38.48     8.80    12.15     0.29     0.04
   38.54     8.84    16.32     0.33     0.04
   38.59     8.79    14.73     0.58     0.04
   38.65     8.79    12.15     0.30     0.04
   38.70     8.79    12.25     0.29     0.04
   38.76     8.87    12.21     0.29     0.04
   38.82     8.86    12.26     0.29     0.04
   38.87     8.77    12.10     0.29     0.04
   38.93     8.88    12.31     0.31     0.04
   38.98     8.88    13.77     0.33     0.04
   39.04     8.87    12.28     0.31     0.04
   39.10     8.84    12.82     0.28     0.04
   39.15     8.75    12.84     0.29     0.04
   39.21     8.80    12.29     0.29     0.04
   39.26     8.95    13.44     0.48     0.04
   39.32     8.76    17.27     0.31     0.04
   39.38     8.86    14.15     0.32     0.04
   39.43     8.87    12.29     0.29     0.04
   39.49     8.87    12.03     0.29     0.04
   39.54     8.89    12.20     0.28     0.04
   39.60     8.83    12.16     0.29     0.04
   39.66     8.82    11.98     0.30     0.04
   39.71     8.86    12.03     0.29     0.04
   39.77     8.83    12.19     0.31     0.04
   39.82     8.80    13.43     0.32     0.04
   39.88     8.77    12.23     0.32     0.04
   39.94     8.78    14.62     0.34     0.04
   39.99     8.77    12.26     0.35     0.04
   40.05     8.77    12.05     0.35     0.04
   40.10     8.81    12.06     0.31     0.04
   40.16     8.78    12.04     0.30     0.04
   40.22     8.80    12.12     0.29     0.04
   40.27     8.87    13.43     0.31     0.04
   40.33     8.86    16.88     0.44     0.04
   40.38     8.91    12.22     0.30     0.04
   40.44     8.84    12.14     0.28     0.04
   40.50     8.80    12.00     0.29     0.04
   40.55     8.88    13.02     0.30     0.04
   40.61     8.77    12.26     0.31     0.04
   40.66     8.86    14.19     0.32     0.04
   40.72     8.79    13.70     0.31     0.04
   40.78     8.85    12.20     0.32     0.04
   40.83     8.89    12.20     0.29     0.04
   40.89     8.77    12.58     0.30     0.04
   40.94     8.86    12.25     0.31     0.04
   41.00     8.86    12.30     0.31     0.04
   41.06     8.78    12.21     0.29     0.04
   41.11     8.78    16.33     0.33     0.04
   41.17     8.83    12.21     0.29     0.04
   41.22     8.79    12.25     0.29     0.04
   41.28     8.83    13.33     0.29     0.04
   41.34     8.78    14.76     0.31     0.04
   41.39     8.87    12.35     0.32     0.04
   41.45     8.77    12.22     0.32     0.04
   41.50     8.77    12.22     0.31     0.04
   41.56     8.77    12.30     0.32     0.04
   41.62     8.77    12.28     0.29     0.04
   41.67     8.89    15.08     0.32     0.04
   41.73     8.78    12.23     0.29     0.04
   41.78     8.83    12.09     0.29     0.04
   41.84     8.77    12.07     0.29     0.04
   41.90     9.00    14.07     0.32     0.04
   41.95     8.80    12.72     0.31     0.04
   42.01     8.82    12.32     0.31     0.04
   42.06     8.80    12.25     0.30     0.04
   42.12     8.91    13.92     0.31     0.04
   42.18     8.87    12.21     0.32     0.04
   42.23     8.86    12.09     0.30     0.04
   42.29     8.82    12.06     0.30     0.04
   42.34     8.84    16.52     0.31     0.04
   42.40     8.83    12.22     0.29     0.04
   42.46     8.86    14.02     0.33     0.04
   42.51     8.82    13.32     0.34     0.04
   42.57     8.80    12.16     0.33     0.04
   42.62     8.85    12.28     0.29     0.04
   42.68     8.86    12.06     0.30     0.04
   42.74     8.82    12.36     0.31     0.04
   42.79     8.80    12.35     0.28     0.04
   42.85     8.86    12.10     0.29     0.04
   42.90     8.79    12.16     0.31     0.04
   42.96     8.79    13.38     0.32     0.04
   43.02     8.87    12.23     0.29     0.04
   43.07     8.80    12.12     0.31     0.04
   43.13     8.91    12.28     0.31     0.04
   43.18     8.84    12.08     0.29     0.04
   43.24     8.89    12.29     0.29     0.04
   43.30     8.78    13.95     0.31     0.04
   43.35     8.90    17.04     0.31     0.04
   43.41     8.78    12.14     0.31     0.04
   43.46     8.80    12.15     0.32     0.04
   43.52     8.80    12.27     0.31     0.04
   43.58     8.76    12.20     0.29     0.04
   43.63     8.82    12.30     0.29     0.04
   43.69     8.85    12.25     0.30     0.04
   43.74     8.76    12.30     0.32     0.04
   43.80     8.84    13.23     0.30     0.04
   43.86     8.83    12.16     0.31     0.04
   43.91     8.83    12.80     0.31     0.04
   43.97     8.76    12.10     0.31     0.04
   44.02     8.81    12.23     0.29     0.04
   44.08     8.80    13.52     0.33     0.04
   44.14     8.91    13.91     0.33     0.04
   44.19     8.87    12.25     0.32     0.04
   44.25     8.79    13.59     0.34     0.04
   44.30     8.80    18.20     0.30     0.04
   44.36     8.82    12.10     0.30     0.04
   44.42     8.83    12.04     0.29     0.04
   44.47     8.84    11.94     0.29     0.04
   44.53     8.80    12.04     0.29     0.04
   44.58     8.77    12.14     0.28     0.04
   44.64     8.84    12.19     0.29     0.04
   44.70     8.83    12.79     0.29     0.04
   44.75     8.84    12.70     0.32     0.04
   44.81     8.85    12.52     0.30     0.04
   44.86     8.84    26.69     0.33     0.04
   44.92     8.84    13.94     0.32     0.04
   44.98     8.84    19.13     0.31     0.04
   45.03     8.82    13.98     0.32     0.04
   45.09     8.83    14.70     0.29     0.04
   45.14     8.78    13.47     0.31     0.04
   45.20     8.77    12.14     0.29     0.04
   45.26     8.80    12.04     0.31     0.04
   45.31     8.77    13.60     0.28     0.04
   45.37     8.98    13.67     0.33     0.04
   45.42     8.79    12.60     0.30     0.04
   45.48     8.80    12.23     0.31     0.04
   45.54     8.91    12.31     0.31     0.04
   45.59     8.77    13.78     0.32     0.04
   45.64     8.80    12.20     0.31     0.04
   45.69     8.84    12.18     0.29     0.04
   45.74     8.85    13.75     0.34     0.04
   45.80     8.86    12.33     0.29     0.04
   45.85     8.91    12.36     0.32     0.04
   45.90     8.91    19.17     0.45     0.04
   45.95     8.76    12.28     0.32     0.04
   46.00     8.85    13.43     0.32     0.04
   46.06     8.82    11.98     0.32     0.04
   46.11     8.77    12.29     0.30     0.04
   46.16     8.80    11.98     0.29     0.04
   46.22     8.84    12.25     0.29     0.04
   46.27     8.77    12.01     0.32     0.04
   46.32     8.84    12.11     0.30     0.04
   46.37     8.81    12.14     0.31     0.04
   46.42     8.84    13.41     0.33     0.04
   46.48     8.86    12.09     0.31     0.04
   46.53     8.85    13.48     0.34     0.04
   46.58     8.79    12.21     0.32     0.04
   46.63     8.87    12.25     0.34     0.04
   46.68     8.80    12.09     0.29     0.04
   46.74     8.81    12.32     0.30     0.04
   46.79     8.77    12.20     0.29     0.04
   46.84     8.80    13.25     0.34     0.04
   46.89     8.87    14.45     0.31     0.04
   46.94     8.91    12.09     0.32     0.04
   47.00     8.86    12.09     0.32     0.04
   47.05     8.77    12.09     0.30     0.04
   47.10     8.80    12.21     0.29     0.04
   47.15     8.77    12.30     0.31     0.04
   47.20     8.82    12.22     0.31     0.04
   47.26     8.86    13.44     0.32     0.04
   47.31     8.83    14.29     0.33     0.04
   47.36     8.75    12.71     0.31     0.04
   47.41     8.79    12.73     0.31     0.04
   47.46     8.83    12.10     0.29     0.04
   47.52     8.88    12.06     0.32     0.04
   47.57     8.84    12.07     0.31     0.04
   47.62     8.80    12.17     0.29     0.04
   47.67     8.79    13.46     0.33     0.04
   47.72     8.91    12.02     0.29     0.04
   47.78     8.77    11.97     0.29     0.04
   47.83     8.79    12.16     0.29     0.04
   47.88     8.88    16.06     0.33     0.04
   47.93     8.87    13.08     0.30     0.04
   47.98     8.83    12.46     0.31     0.04
   48.04     8.83    12.19     0.29     0.04
   48.09     8.90    12.22     0.30     0.04
   48.14     8.81    12.24     0.29     0.04
   48.19     8.85    16.87     0.34     0.04
   48.24     8.82    12.16     0.31     0.04
   48.30     8.85    12.06     0.29     0.04
   48.35     8.82    12.44     0.30     0.04
   48.40     8.87    12.26     0.33     0.04
   48.45     8.84    12.19     0.31     0.04
   48.50     8.82    12.24     0.30     0.04
   48.56     8.83    12.26     0.31     0.04
   48.61     8.84    13.33     0.33     0.04
   48.66     8.89    12.07     0.31     0.04
   48.71     8.86    12.16     0.32     0.04
   48.76     8.78    12.01     0.29     0.04
   48.82     8.80    12.30     0.32     0.04
   48.87     8.84    16.84     0.32     0.04
   48.92     8.83    12.52     0.32     0.04
   48.97     8.85    13.35     0.34     0.04
   49.02     8.80    12.19     0.31     0.04
   49.08     9.20    12.24     0.31     0.04
   49.13     8.84    12.26     0.32     0.04
   49.18     8.82    12.19     0.31     0.04
   49.23     8.84    12.24     0.29     0.04
   49.28     8.86    13.12     0.32     0.04
   49.34     8.84    12.21     0.32     0.04
   49.39     8.77    13.17     0.29     0.04
   49.44     8.87    11.98     0.31     0.04
   49.49     8.77    12.02     0.30     0.04
   49.54     8.90    12.25     0.30     0.04
   49.60     8.87    12.30     0.31     0.04
   49.65     8.81    12.11     0.29     0.04
   49.70   161.14   642.39     0.32     0.04
   49.75     8.94    13.17     0.33     0.04
   49.80     8.81    13.60     0.33     0.04
   49.86     8.86    12.50     0.31     0.04
   49.91     8.81    17.46     0.31     0.04
   49.96     8.83    12.84     0.30     0.04
   50.01     8.90    12.68     0.31     0.04
   50.06     8.84    12.24     0.31     0.04
   50.12     8.91    12.27     0.33     0.04
   50.17     8.85    14.08     0.33     0.04
   50.22     8.86    12.10     0.29     0.04
   50.27     8.90    12.12     0.29     0.04
   50.32     8.85    12.08     0.29     0.04
   50.38     8.78    13.14     0.46     0.04
   50.43     8.89    14.50     0.32     0.04
   50.48     8.81    12.10     0.29     0.04
   50.53     9.15    15.79     0.45     0.04
   50.58     8.96    20.60     0.34     0.04
   50.64     8.76    12.77     0.29     0.04
   50.69     8.85    12.17     0.29     0.04
   50.74     8.86    12.40     0.29     0.04
   50.79     8.77    12.21     0.29     0.04
   50.84     8.77    12.36     0.31     0.04
   50.90     8.78    18.77     0.29     0.04
   50.95     8.79    12.49     0.28     0.04
   51.00     8.90    12.16     0.29     0.04
   51.05     8.85    12.21     0.29     0.04
   51.10     8.86    13.85     0.31     0.04
   51.16     8.81    12.26     0.29     0.04
   51.21     8.84    12.25     0.29     0.04
   51.26     8.80    12.17     0.29     0.04
   51.31     8.80    14.64     0.34     0.04
   51.36     8.80    12.13     0.29     0.04
   51.42     8.78    12.19     0.29     0.04
   51.47     8.77    11.97     0.29     0.04
   51.52     8.85    13.29     0.32     0.04
   51.57     8.77    12.06     0.31     0.04
   51.62     8.86    12.10     0.28     0.04
   51.68     8.83    12.07     0.29     0.04
   51.73     8.84    12.14     0.31     0.04
   51.78     8.79    11.95     0.29     0.04
   51.83     8.77    12.21     0.29     0.04
   51.88     8.86    17.20     0.30     0.04
   51.94     8.87    13.13     0.31     0.04
   51.99     8.86    12.32     0.28     0.04
   52.04     8.79    13.47     0.36     0.04
   52.09     8.83    12.11     0.29     0.04
   52.14     8.76    12.10     0.32     0.04
   52.20     8.79    12.28     0.29     0.04
   52.25     8.85    11.99     0.31     0.04
   52.30     8.78    13.04     0.32     0.04
   52.35     8.87    12.13     0.29     0.04
   52.40     8.78    12.19     0.29     0.04
   52.46     8.83    12.21     0.31     0.04
   52.51     8.89    12.20     0.29     0.04
   52.56     8.72    12.66     0.30     0.04
   52.61     8.90    12.97     0.29     0.04
   52.66     8.77    12.32     0.31     0.04
   52.72     8.84    14.32     0.32     0.04
   52.77     8.85    12.15     0.30     0.04
   52.82     8.85    13.50     0.32     0.04
   52.87     8.81    16.68     0.31     0.04
   52.92     8.77    12.43     0.31     0.04
   52.98     8.84    12.08     0.29     0.04
   53.03     8.85    12.26     0.29     0.04
   53.08     8.80    13.19     0.31     0.04
   53.13     8.87    12.48     0.29     0.04
   53.18     8.81    12.24     0.29     0.04
   53.24     8.88    12.35     0.29     0.04
   53.29     8.82    13.12     0.29     0.04
   53.34     8.79    12.74     0.29     0.04
   53.39     8.78    12.29     0.29     0.04
   53.44     8.80    12.15     0.29     0.04
   53.50     8.90    13.10     0.31     0.04
   53.55     8.87    13.71     0.32     0.04
   53.60     8.80    12.15     0.29     0.04
   53.65     8.78    12.10     0.32     0.04
   53.70     8.85    12.01     0.30     0.04
   53.76     8.79    12.25     0.30     0.04
   53.81     8.86    12.15     0.29     0.04
   53.86     8.79    12.29     0.29     0.04
   53.91     8.91    16.55     0.29     0.04
   53.96     8.81    12.58     0.30     0.04
   54.02     8.83    13.43     0.31     0.04
   54.07     8.77    12.13     0.29     0.04
   54.12     8.79    12.09     0.29     0.04
   54.17     8.78    12.16     0.31     0.04
   54.22     8.79    12.11     0.29     0.04
   54.28     8.80    12.04     0.31     0.04
   54.33     8.89    12.02     0.31     0.04
   54.38     8.80    12.03     0.29     0.04
   54.43     8.82    14.29     0.32     0.04
   54.48     8.89    12.14     0.31     0.04
   54.54     8.79    12.40     0.30     0.04
   54.59     8.87    12.25     0.29     0.04
   54.64     8.77    12.22     0.29     0.04
   54.69     8.90    12.21     0.29     0.04
   54.74     8.87    12.28     0.31     0.04
   54.80     8.85    12.21     0.31     0.04
   54.85     8.87    16.04     0.32     0.04
   54.90     8.90    14.22     0.31     0.04
   54.95     8.90    12.39     0.29     0.04
   55.01     8.91    13.80     0.29     0.04
   55.06     8.82    12.20     0.31     0.04
   55.11     8.77    12.14     0.30     0.04
   55.16     8.89    14.74     0.33     0.04
   55.21     8.81    12.74     0.32     0.04
   55.26     8.85    12.82     0.31     0.04
   55.32     8.75    12.57     0.32     0.04
   55.37     8.87    12.22     0.31     0.04
   55.42     8.88    13.04     0.32     0.04
   55.47     8.83    12.35     0.32     0.04
   55.52     8.97    12.76     0.31     0.04
   55.58     8.76    12.16     0.32     0.04
   55.63     8.86    15.14     0.34     0.04
   55.68     8.86    12.19     0.30     0.04
   55.73     8.84    12.37     0.32     0.04
   55.79     8.82    12.10     0.31     0.04
   55.84     8.85    12.30     0.29     0.04
   55.89     8.82    20.49     0.32     0.04
   55.94     8.88    13.48     0.31     0.04
   55.99     8.87    13.57     0.31     0.04
   56.05     8.77    12.12     0.32     0.04
   56.10     8.88    12.20     0.31     0.04
   56.15     8.79    12.19     0.32     0.04
   56.20     8.80    12.20     0.29     0.04
   56.25     8.80    11.98     0.29     0.04
   56.31     8.81    12.17     0.29     0.04
   56.36     8.84    12.11     0.31     0.04
   56.41     8.77    13.58     0.32     0.04
   56.46     8.77    12.11     0.31     0.04
   56.51     8.78    12.25     0.29     0.04
   56.57     8.82    12.21     0.30     0.04
   56.62     8.83    12.37     0.29     0.04
   56.67     8.78    13.45     0.32     0.04
   56.72     8.78    12.34     0.29     0.04
   56.77     8.84    12.18     0.31     0.04
   56.83     8.89    13.38     0.33     0.04
   56.88     8.87    15.78     0.31     0.04
   56.93     8.85    12.10     0.30     0.04
   56.98     8.80    12.04     0.29     0.04
   57.03     8.87    11.92     0.29     0.04
   57.09     8.80    11.85     0.29     0.04
   57.14     8.82    12.28     0.31     0.04
   57.19     8.82    12.36     0.30     0.04
   57.24     9.03    12.25     0.30     0.04
   57.29     8.78    12.81     0.31     0.04
   57.35     8.82    12.24     0.31     0.04
   57.40     8.82    13.37     0.31     0.04
   57.45     8.83    12.07     0.31     0.04
   57.50     8.85    12.06     0.31     0.04
   57.55     8.83    12.07     0.31     0.04
   57.61     8.80    13.35     0.31     0.04
   57.66     8.83    12.00     0.31     0.04
   57.71     8.89    12.06     0.30     0.04
   57.76     8.74    12.64     0.32     0.04
   57.81     8.94    12.68     0.31     0.04
   57.87     8.85    17.27     0.31     0.04
   57.92     8.91    13.13     0.28     0.04
   57.97     8.85    12.09     0.31     0.04
   58.02     8.89    12.27     0.31     0.04
   58.08     8.80    12.28     0.32     0.04
   58.13     8.82    12.21     0.29     0.04
   58.19     8.80    13.97     0.32     0.04
   58.25     8.84    12.06     0.31     0.04
   58.30     8.84    12.13     0.28     0.04
   58.36     8.91    14.04     0.33     0.04
   58.41     8.89    12.23     0.31     0.04
   58.47     8.78    12.01     0.32     0.04
   58.53     8.79    12.03     0.32     0.04
   58.58     8.80    11.98     0.29     0.04
   58.64     8.77    13.30     0.32     0.04
   58.69     8.79    12.22     0.29     0.04
   58.75     8.83    12.15     0.29     0.04
   58.81     8.84    12.27     0.29     0.04
   58.86     8.81    12.12     0.30     0.04
   58.92     8.90    15.16     0.31     0.04
   58.97     8.78    12.01     0.31     0.04
   59.03     8.89    13.32     0.30     0.04
   59.09     8.86    12.30     0.30     0.04
   59.14     8.90    13.49     0.33     0.04
   59.20     8.84    12.30     0.29     0.04
   59.25     8.77    12.30     0.29     0.04
   59.31     8.90    12.90     0.29     0.04
   59.37     8.76    12.36     0.29     0.04
   59.42     8.78    12.27     0.29     0.04
   59.48     8.89    13.35     0.30     0.04
   59.53     8.83    12.20     0.29     0.04
   59.59     8.77    12.10     0.31     0.04
   59.65     8.83    12.04     0.31     0.04
   59.70     8.81    11.99     0.32     0.04
   59.76     8.80    12.09     0.29     0.04
   59.81     8.84    12.06     0.31     0.04
   59.87     8.77    16.57     0.32     0.04
   59.93     8.91    14.18     0.32     0.04
   59.98     8.88    12.22     0.30     0.04
   60.04     8.80    12.34     0.29     0.04
   60.09     8.88    12.06     0.30     0.04
   60.15     8.81    12.19     0.31     0.04
   60.21     8.80    14.42     0.31     0.04
   60.26     8.83    12.15     0.31     0.04
   60.32     8.86    14.40     0.32     0.04
   60.37     8.80    12.10     0.30     0.04
   60.43     9.02    13.26     0.31     0.04
   60.49     8.76    12.26     0.31     0.04
   60.54     8.90    13.67     0.30     0.04
   60.60     8.89    12.97     0.29     0.04
   60.65     8.79    12.31     0.30     0.04
   60.71     8.82    12.41     0.28     0.04
   60.77     8.84    16.94     0.32     0.04
   60.82     8.83    12.40     0.29     0.04
   60.88     8.90    17.10     0.31     0.04
   60.93     8.85    12.28     0.31     0.04
   60.99     8.82    12.20     0.29     0.04
   61.05     8.89    12.28     0.30     0.04
   61.10     8.89    12.14     0.31     0.04
   61.16     8.89    12.30     0.31     0.04
   61.21     8.83    12.13     0.29     0.04
   61.27     8.86    13.24     0.32     0.04
   61.33     9.04    13.79     0.33     0.04
   61.38     8.86    12.07     0.31     0.04
   61.44     8.84    12.16     0.29     0.04
   61.49     8.77    12.04     0.29     0.04
   61.55     8.83    12.21     0.31     0.04
   61.61     8.80    11.98     0.29     0.04
   61.66     8.80    11.99     0.31     0.04
   61.72     8.78    13.55     0.30     0.04
   61.77     8.77    13.30     0.31     0.04
   61.83     8.89    12.26     0.32     0.04
   61.89     8.89    15.81     0.29     0.04
   61.94     8.91    12.83     0.30     0.04
   62.00     8.80    12.42     0.30     0.04
   62.05     8.83    12.13     0.30     0.04
   62.11     8.77    12.29     0.30     0.04
   62.17     8.86    13.56     0.33     0.04
   62.22     8.78    12.18     0.28     0.04
   62.28     8.82    12.06     0.30     0.04
   62.33     8.78    12.14     0.30     0.04
   62.39     8.78    12.07     0.28     0.04
   62.45     8.82    12.07     0.28     0.04
   62.50     8.77    13.46     0.31     0.04
   62.56     8.81    12.22     0.30     0.04
   62.61     8.88    13.47     0.32     0.04
   62.67     8.82    12.13     0.30     0.04
   62.73     8.88    12.38     0.31     0.04
   62.78     8.78    12.30     0.31     0.04
   62.84     8.90    12.21     0.29     0.04
   62.89     8.90    14.31     0.32     0.04
   62.95     8.78    12.37     0.29     0.04
   63.01     8.87    13.53     0.31     0.04
   63.06     8.90    12.12     0.29     0.04
   63.12     8.78    12.38     0.31     0.04
   63.17     8.87    12.18     0.30     0.04
   63.23     8.82    12.33     0.29     0.04
   63.29     8.87    14.41     0.36     0.04
   63.34     8.84    13.76     0.29     0.04
   63.40     8.89    12.85     0.31     0.04
   63.45     8.78    14.12     0.34     0.04
   63.51     8.85    12.15     0.29     0.04
   63.57     8.89    12.14     0.32     0.04
   63.62     8.84    12.11     0.29     0.04
   63.68     8.86    12.15     0.29     0.04
   63.73     8.85    12.17     0.32     0.04
   63.79     8.87    12.27     0.29     0.04
   63.85     8.89    12.01     0.30     0.04
   63.90     8.88    16.71     0.31     0.04
   63.96     8.83    12.47     0.30     0.04
   64.01     8.86    14.04     0.31     0.04
   64.07     8.77    12.02     0.31     0.04
   64.13     8.85    11.99     0.31     0.04
   64.18     8.83    12.01     0.29     0.04
   64.24     8.78    16.34     0.31     0.04
   64.29     8.84    12.23     0.30     0.04
   64.35     8.89    12.09     0.32     0.04
   64.41     8.86    12.15     0.29     0.04
   64.46     8.77    13.25     0.33     0.04
   64.52     8.77    12.30     0.32     0.04
   64.57     8.85    12.16     0.29     0.04
   64.63     8.89    12.30     0.29     0.04
   64.69     8.77    12.20     0.31     0.04
   64.74     8.91    12.30     0.28     0.04
   64.80     8.77    12.28     0.29     0.04
   64.85     8.82    12.25     0.31     0.04
   64.91     8.80    13.68     0.31     0.04
   64.97     8.77    12.25     0.30     0.04
   65.02     8.82    13.64     0.31     0.04
   65.08     8.87    12.08     0.31     0.04
   65.13     8.79    12.29     0.32     0.04
   65.19     8.84    12.25     0.29     0.04
   65.25     8.80    12.23     0.29     0.04
   65.30     8.90    14.08     0.35     0.04
   65.36     8.76    12.35     0.31     0.04
   65.41     9.02    12.45     0.29     0.04
   65.47     8.84    13.49     0.45     0.04
   65.53     8.76    12.63     0.31     0.04
   65.58     8.87    13.35     0.32     0.04
   65.64     8.77    12.32     0.32     0.04
   65.69     8.77    12.18     0.31     0.04
   65.75     8.85    14.00     0.34     0.04
   65.81     8.79    12.27     0.29     0.04
   65.86     8.80    13.43     0.33     0.04
   65.92     8.84    17.88     0.31     0.04
   65.97     8.84    12.23     0.31     0.04
   66.03     8.87    12.29     0.31     0.04
   66.09     8.89    12.24     0.32     0.04
   66.14     8.82    19.85     0.32     0.04
   66.20     8.84    13.21     0.31     0.04
   66.25     8.84    12.13     0.30     0.04
