    0.00   160.53   651.48     1.31     0.06
    0.06    10.00    50.49    23.18     0.04
    0.11     9.53    48.34     0.32     0.04
    0.17     9.13    81.41     0.32     0.04
    0.22     9.38    61.78     0.32     0.04
    0.28     9.96    91.54     0.32     0.04
    0.34     9.65   152.56     0.34     0.04
    0.39     9.43    84.64     0.31     0.04
    0.45     9.04    43.01     0.32     0.04
    0.50     9.28    79.11     0.32     0.04
    0.56     9.66    63.90    23.11     0.04
    0.62     9.75    64.55     1.08     0.04
    0.67     9.64    93.30     0.94     0.04
    0.73     9.58   122.07     0.44     0.04
    0.78     9.67   139.19     0.42     0.04
    0.84     9.40   153.66     0.70     0.04
    0.90     9.36    41.38     0.70     0.04
    0.95     9.76    58.91     0.43     0.04
    1.01    10.07    53.31     0.61     0.04
    1.06     9.45    73.93     0.41     0.04
    1.12     9.97    76.30     0.31     0.04
    1.18     9.93   125.92     1.29     0.04
    1.23     9.99   117.86     0.96     0.04
    1.29    11.87   136.22     0.66     0.04
    1.34     9.63    86.95     1.16     0.04
    1.40     9.14    14.59     0.96     0.04
    1.46     9.63   194.42    19.35     0.04
    1.51     9.87    52.71     0.32     0.04
    1.57     9.11    84.10     0.34     0.04
    1.62    10.00   111.13     0.32     0.04
    1.68     9.42   125.68     0.34     0.04
    1.74     9.06   159.26     0.33     0.04
    1.79    10.17    52.90     0.46     0.04
    1.85     9.19    55.13     0.69     0.04
    1.90     9.42    89.69    20.33     0.04
    1.96    14.59    73.89     0.30    40.98
    2.02     9.69   109.73    19.47     0.04
    2.07   163.77   576.65     0.61     0.04
    2.13     9.02   107.33     0.74     0.04
    2.18     9.57    73.70     0.43     0.04
    2.24     9.20    60.12     0.32     0.04
    2.30     9.80    73.11     1.02     0.04
    2.35     9.20    55.78     0.31     0.04
    2.41     9.15    94.06     0.32     0.04
    2.46     9.42    94.69     0.44     0.04
    2.52    10.01   115.38     0.58     0.04
    2.58     9.10   113.49     0.46     0.04
    2.63     9.54   156.29     2.45     0.04
    2.69     9.95    74.00    23.71     0.04
    2.75     9.20    65.98     0.99     0.04
    2.80    10.99   134.30     0.64     0.04
    2.86   163.27   433.11     0.75     0.04
    2.91   163.72   597.14     1.25     0.04
    2.97     9.95    97.76    21.13     0.06
    3.02    14.88   176.36     1.20     0.04
    3.08     9.51   148.91     1.00     0.04
    3.14    10.04   145.46    20.23     0.04
    3.19     9.01    40.09     0.30     0.04
    3.25     9.15   190.40     0.32     0.04
    3.30     9.56    59.76    21.32     0.04
    3.36     9.29    84.58     0.31     0.04
    3.42     9.78   129.81     1.25     0.04
    3.47    10.20   173.76     1.37     0.04
    3.53   169.87   102.82     1.03     0.04
    3.58     9.61   107.43     0.90     0.04
    3.64    10.16   176.72     0.98     0.06
    3.70   164.11   433.04     1.16     0.04
    3.75     9.92   164.05     1.32     0.04
    3.81     9.95   105.07     1.69     0.05
    3.86    10.11   107.25     1.40     0.04
    3.92    14.39   231.26     2.60     0.04
    3.98     9.69   149.48     0.50     0.04
    4.03     9.39   124.86     0.47     0.04
    4.09     9.12    19.94     0.35     0.04
    4.14     9.02    88.54     0.33     0.04
    4.20     9.93    50.26     1.66     0.04
    4.26     9.36    93.11    42.33     0.04
    4.31   163.85   596.50     1.26     0.04
    4.37     9.94    93.63     1.09     0.06
    4.42     9.80    78.29     0.92     0.05
    4.48     9.83   114.82     1.18     0.04
    4.54    10.64   122.55     1.07     0.04
    4.59    13.37   138.10     1.10     0.04
    4.65     9.78   105.70    61.71     0.06
    4.70    10.21    75.32    24.03     0.04
    4.76    10.12   164.96     1.47     0.04
    4.82    10.53   113.48     0.36     0.04
    4.87     9.48    83.56     0.35     0.04
    4.93     9.81   131.27     0.34     0.04
    4.98     9.63   128.75     0.34     0.04
    5.38    10.31  2050.80     1.49     0.04
    5.49    10.83  5620.77     1.62     0.04
    5.54     9.68   102.12     0.47     0.04
    5.60    10.11    65.34     1.12     0.04
    5.66    10.11    84.08     1.08     0.06
    5.71     9.30   111.25     1.54     0.04
    5.77     9.85   124.18     1.56     0.04
    5.82    10.53   138.25     1.44     0.04
    5.88    10.19   117.43    19.95     0.04
    5.94     9.24   114.90     1.43     0.04
    5.99   165.56   595.65     1.02     0.04
    6.05   171.30   103.76     1.39     0.04
    6.10     9.18    74.07     1.31     0.04
    6.16    10.95   176.31     1.20     0.04
    6.22    10.12    95.53     0.85     0.04
    6.27   163.08   273.31     1.05     0.04
    6.33    15.32   216.39     1.02     0.04
    6.38     9.82   109.52     1.60     0.04
    6.44     9.41    15.99     1.40     0.04
    6.50     9.30    92.33     1.56     0.04
    6.55   163.38   589.08     1.42     0.04
    6.61    10.06    65.66     1.05     0.06
    6.66   163.22   584.87     1.17     0.04
    6.72    10.30   111.84     1.15     0.06
    6.78     9.45   116.46     1.21     0.06
    6.83    12.31   158.74     1.45     0.04
    6.89   168.85   104.53     1.37     0.04
    6.94     9.41    53.44     1.43     0.05
    7.00   163.28   274.18     1.40     0.04
    7.06   162.87   272.69     1.11     0.04
    7.11    10.18   238.96     1.30     0.05
    7.17    10.17   107.40     1.23     0.04
    7.22     9.31   136.52     2.38     0.06
    7.28     9.61    70.90    61.95     0.04
    7.34     9.36    41.04     0.35     0.04
    7.39     9.79   120.65    39.61     0.05
    7.45     9.28    66.06     0.35     0.04
    7.50     9.71    79.94     0.35     0.04
    7.56     9.41   100.49     0.36     0.04
    7.62     9.33    77.43     0.35     0.04
    7.67     9.54   134.68     0.36     0.04
    7.73     9.24   133.11     0.51     0.04
    7.78     8.97    67.14     0.34     0.04
    7.84     9.31    56.50     0.80     0.04
    7.90    10.01   111.70     0.99     0.06
    7.95    10.22    86.30     1.21     0.04
    8.01     9.82   136.41     1.52     0.04
    8.06     9.55   125.00     1.65     0.04
    8.12     9.31   132.50     0.48     0.04
    8.18     9.34    67.49    23.46     0.04
    8.23     9.18    17.88     1.17     0.04
    8.29    11.63   140.65     1.32     0.04
    8.35     9.31   129.03     1.23     0.04
    8.40    13.13   117.36    24.70     0.04
    8.46    13.24   114.15    25.48     0.04
    8.51   162.83   429.15     1.45     0.04
    8.57     9.89   157.30    22.30     0.04
    8.62    10.42   160.94     1.38     0.05
    8.68    10.12    55.23     1.54     0.04
    8.74    10.04   102.21     1.45     0.04
    8.79    11.44   157.59    61.17     0.06
    8.85     9.87   117.47     1.09     0.06
    8.90     9.88   134.88     1.47     0.04
    8.96     9.40    40.77    41.95     0.04
    9.02     9.29    47.39     0.35     0.04
    9.07     9.84    50.33    19.63     0.04
    9.13    14.15    51.45     0.33     0.04
    9.18     9.21    54.86     0.34     0.04
    9.24    10.96   158.57     0.35    58.47
    9.30     9.69   121.63     1.13     0.04
    9.35     9.78   117.73     1.41     0.07
    9.41    15.05   141.13    43.25     0.06
    9.46     9.95   135.98    21.25     0.04
    9.52    10.00   141.54    20.43     0.07
    9.58    12.92   159.99     1.26     0.06
    9.63    10.04    62.35     0.72     0.04
    9.69    10.08    79.59     1.60     0.04
    9.74   171.97 45796.78    23.97     0.04
    9.97   160.82 12644.59     1.54     0.04
   10.02     9.79   180.21     1.29     0.04
   10.08    10.14   103.99     0.90     0.06
   10.14    10.61   105.94     0.91     0.05
   10.19     9.26   100.54     1.13     0.04
   10.25     9.99    40.41    24.92     0.04
   10.30     9.93    61.06     1.38     0.04
   10.36     9.41   172.95    21.52     0.04
   10.42     9.57    53.96     1.56     0.04
   10.47     9.87    75.78     1.46     0.04
   10.53    10.63   104.13     1.26     0.04
   10.58     9.73    88.22     0.72     0.04
   10.64    10.34   138.68     0.92     0.06
   10.70     9.52   121.85     0.45     0.04
   10.75    10.09    91.84     0.35     0.04
   10.81     9.49   136.44     0.35    19.81
   10.86     9.31    66.75     0.35     0.04
   10.92     9.93    61.88     0.35     0.04
   10.98     9.52   101.01     0.36     0.04
   11.03     9.47   105.87     1.41     0.04
   11.09    13.06   253.58     1.10     0.04
   11.15     9.14    66.77     1.00     0.04
   11.20     9.32   123.03    23.92     0.06
   11.26     9.65    55.71     1.15     0.06
   11.31    10.21    62.78     1.13     0.04
   11.37    10.20    65.03     1.56     0.06
   11.42     9.41   100.56     0.46     0.04
   11.48     9.65    98.16     0.35     0.04
   11.54     9.89   104.70     0.35     0.04
   11.59     9.78   134.26     1.19     0.04
   11.65    10.26   181.02    24.19     0.04
   11.70     9.89    52.78    23.57     0.06
   11.76    10.02   122.18    40.80     0.06
   11.82     9.60    53.12     1.18     0.07
   11.87     9.36    93.44     1.25     0.06
   11.93    10.21   106.11     1.24     0.06
   11.98     9.81   127.40     1.11     0.06
   12.04   164.11   441.69     1.17     0.07
   12.10     9.95   183.91     1.57     0.06
   12.15    10.08    81.93     0.88     0.07
   12.21     9.71   201.59     1.20     0.04
   12.26     9.82   103.52     0.34     0.04
   12.32     9.44    93.77     0.35     0.04
   12.38     9.31   134.93     0.48     0.04
   12.43     9.17   133.23     0.36     0.04
   12.49    12.98   133.11     0.46     0.04
   12.54     9.67    74.06     1.37     0.04
   12.60     9.60    54.26     1.51     0.04
   12.66    11.48   124.81     1.04     0.06
   12.71    10.25    93.25     1.19     0.04
   12.77    10.37    94.94     1.22     0.06
   12.82    12.18   175.36    42.36     0.04
   12.88    13.40   130.39     0.97     0.06
   12.94     9.51   137.20    20.16     0.06
   12.99     9.24    46.16     1.49     0.04
   13.05     9.98   142.11     1.66     0.04
   13.10     9.47    76.24     0.49     0.04
   13.16     9.29    78.53     0.35     0.04
   13.22     9.49    59.27     0.34     0.04
   13.27     9.58    52.84    19.16     0.04
   13.33    10.02    96.69    21.51     0.04
   13.38    10.36   134.41     1.22     0.06
   13.44     9.67    85.65    41.03     0.04
   13.50     9.29   105.51    41.05     0.04
   13.55     9.94   140.03     0.97     0.06
   13.61    10.69    54.12     1.17     0.04
   13.66    10.07    94.38     1.26     0.04
   13.72    13.80   116.05    42.23     0.04
   13.78   159.91  1402.59     1.23     0.06
   13.83     9.85   118.73     1.26     0.04
   13.89     9.16   118.51     1.78     0.04
   13.95     9.25    64.71     1.70     0.04
   14.00     9.75    72.25    43.42     0.04
   14.06     9.20    15.23     1.39     0.04
   14.11     9.55    97.86     1.34     0.04
   14.17     9.83   105.99    19.96     0.04
   14.22     9.18    93.47     1.19     0.04
   14.28     9.88   123.46     1.59     0.06
   14.34     9.46    21.59    23.58     0.04
   14.39     9.21   173.39     1.35     0.04
   14.45   163.63   428.72     0.80     0.04
   14.50     9.78    66.31     1.64     0.04
   14.56    11.14   205.21     1.01     0.06
   14.62    10.03   122.09     0.86     0.05
   14.67    10.16   109.60    20.78     0.04
   14.73     9.56   118.99     0.47     0.04
   14.78     9.20   104.74     0.37     0.04
   14.84     9.20    43.95     0.34     0.04
   14.90     9.81    28.87     0.45     0.04
   14.95     9.22    20.76     0.34     0.04
   15.01     9.66    22.58     0.63     0.04
   15.06     9.61    59.62     0.34     0.04
   15.12     9.30    97.80     0.35     0.04
   15.18    13.64   217.17    19.96     0.04
   15.23    10.02   173.91     0.34     0.04
   15.29   160.00 12108.24     1.40     0.04
   15.40   160.86 38760.07     1.31     0.04
   15.46   161.89 25214.09     1.56     0.04
   15.51     9.69   144.95     0.96     0.04
   15.57    10.15    86.15     1.01     0.04
   15.62     9.85    86.09    20.35     0.04
   15.68     9.80   131.75     0.94     0.04
   15.74     9.81   164.88    21.10     0.04
   15.79    14.03   158.17     0.93     0.06
   15.85     9.56    80.26     1.21     0.06
   15.90     9.62    77.99     1.02     0.04
   15.96    10.96   141.47     0.81     0.04
   16.02     9.66    69.47    22.51     0.04
   16.07     9.58   159.39     1.23     0.06
   16.13     9.50   136.12     1.48     0.04
   16.18     9.47   154.97     0.91     0.06
   16.24     9.55   102.38     0.83     0.04
   16.30    10.06    62.72     1.34     0.06
   16.35    14.16   195.42     1.19     0.04
   16.41     9.60    83.96     0.36     0.04
   16.46    11.41   131.78     0.46     0.04
   16.52     9.11   151.51     0.36     0.04
   16.58    10.28   149.97     0.33     0.04
   16.63     9.53    41.58     0.69     0.05
   16.69     9.17    49.57     0.35     0.04
   16.75     9.14   106.52     1.38     0.04
   16.80    10.06    85.37     1.40     0.05
   16.86     9.13    93.25     1.41     0.05
   16.91     9.83   106.34     1.22     0.06
   16.97     9.25   107.60     1.14     0.04
   17.02     9.98   165.63    21.73     0.06
   17.08   163.46   433.82     1.24     0.04
   17.14     9.62    51.58     1.07     0.06
   17.19     9.93    73.15    20.31     0.04
   17.25     9.14   111.58     0.35     0.04
   17.30    11.25    88.52     0.34     0.04
   17.36     9.76   169.99     0.34     0.04
   17.42    11.21   120.19     1.26     0.04
   17.47     9.97   154.96     1.17     0.04
   17.53     9.39    76.60     1.32     0.04
   17.58     9.61   114.35     1.66     0.04
   17.64     9.82    52.48     1.34     0.04
   17.70     9.62    45.02     1.42     0.04
   17.75     9.83    56.01    20.30     0.04
   17.81    10.22   107.52     1.07     0.04
   17.86     9.62    44.04    24.09     0.04
   17.92    10.42   160.18     1.00     0.04
   17.98     9.71    41.47     1.35     0.04
   18.03     9.48    39.47     0.33     0.04
   18.09     9.29    43.31     0.34     0.04
   18.14     9.34    77.37     0.34     0.04
   18.20    11.25   157.06     0.34     0.04
   18.26     9.47   107.40     0.35     0.04
   18.31    10.06   142.95     1.53     0.04
   18.37     9.57    65.56     1.19     0.06
   18.42    10.01   144.05    21.45     0.04
   18.48     9.62    72.20     1.02     0.06
   18.54   163.12   288.71     1.68     0.04
   18.59    10.16   102.31    20.89     0.04
   18.65    10.02   114.50     1.12     0.04
   18.70    10.11   115.63     1.00     0.04
   18.76   169.17   751.54     1.20     0.06
   18.82     9.38    40.11     1.30     0.04
   18.87     8.99    39.77     0.35     0.04
   18.93     9.20    48.96     0.35     0.04
   18.98     9.49    45.56     0.37     0.04
   19.04    10.66    71.29     0.34     0.04
   19.10    10.39   122.28     0.80     0.04
   19.15    14.11    96.13     1.38     0.05
   19.21     9.79    86.70     1.09     0.04
   19.26     9.59   147.15     0.98     0.06
   19.32     9.51    40.71     1.58     0.04
   19.38    10.93   181.08     0.98     0.06
   19.43     9.93   148.33     1.23     0.06
   19.49     9.32    14.43     1.12     0.04
   19.55     9.32   111.53     1.64     0.04
   19.60     9.57   117.92    20.68     0.04
   19.66    10.65   154.66    42.73     0.04
   19.71     9.66   105.58    20.65     0.04
   19.77    10.20   141.90     1.37     0.04
   19.82   170.36   120.51     1.69     0.04
   19.88    10.28    62.47     1.54     0.04
   19.94    10.03    94.79     1.63     0.04
   19.99     9.25    14.33     1.20     0.04
   20.05    10.33   117.89     0.92     0.04
   20.10    12.55   136.29    20.40     0.04
   20.16    10.35    53.42     1.11     0.06
   20.22     9.86    63.18     1.20     0.04
   20.27    10.05   106.03     1.22     0.04
   20.33     9.89   114.42     1.59     0.04
   20.38    13.25   119.51     1.16     0.06
   20.44     9.62    44.63    23.37     0.06
   20.50     9.55    72.38     1.02     0.04
   20.55     9.27    61.35     0.46     0.04
   20.61   164.90 49638.14     1.61     0.04
   20.66     9.93   107.51     0.34     0.04
   20.78   160.43 35775.32     2.12     0.04
   20.89   159.63 21458.71  3325.90     0.04
   20.94     9.59    53.64    42.38     0.04
   21.00     9.01    41.22     0.35     0.04
   21.06     9.42    49.83     0.35     0.04
   21.11     9.18    83.06     0.34     0.04
   21.17     9.26    83.88    19.93     0.04
   21.22     9.15   123.13     0.34     0.04
   21.28     9.08    62.63     0.34     0.04
   21.34     9.72    58.40     0.34     0.04
   21.39     9.97   137.97     0.83     0.04
   21.45    10.02   160.26     1.20     0.06
   21.50    10.66   156.42     1.22     0.06
   21.56    12.68   307.48     1.14     0.04
   21.62   163.43   439.61     1.21     0.04
   21.67     9.98    64.15     1.06     0.06
   21.73     9.69    85.51     1.06     0.04
   21.78     9.70    77.88    21.88     0.04
   21.84   163.38   430.89     1.39     0.04
   21.90   162.91   442.12     1.12     0.06
   21.95     9.39    67.86     1.25     0.04
   22.01   168.72   102.71     1.47     0.04
   22.06    14.06   140.70    21.45     0.04
   22.12    10.53   126.89     1.36     0.04
   22.18    28.26   200.79     0.47     0.04
   22.23     9.74   112.09     0.35     0.04
   22.29     9.43    64.08     0.35     0.04
   22.34    10.92   169.39     0.34     0.04
   22.40    12.24   174.31     0.46     0.04
   22.46     9.66    44.71     1.17     0.04
   22.51     9.76    67.78    21.51     0.05
   22.57    10.16   132.07     1.10     0.04
   22.62     9.67   118.17     1.25     0.06
   22.68    11.07   151.95     0.95     0.05
   22.74     9.73    50.45     0.34     0.04
   22.79    10.09    44.69     1.25     0.04
   22.85     9.72   165.66     1.60     0.04
   22.90   169.80   744.42     1.13     0.06
   22.96     9.58   108.61    21.43     0.04
   23.02    11.02   170.19     0.34     0.04
   23.07     9.50   157.18     0.34     0.04
   23.13     9.53   100.05     0.36    42.69
   23.18    10.89   158.29     0.45     0.04
   23.24    10.05    83.53     1.37     0.04
   23.30   170.57   102.99     1.02     0.06
   23.35     9.90    67.97     0.76     0.04
   23.41   169.33   748.22     1.21     0.04
   23.46    10.07   170.65     0.60     0.04
   23.52     9.59  1508.49     1.59     0.04
   23.58     9.79    62.71     1.22     0.04
   23.63     9.96    53.91     0.97    19.58
   23.69    10.53    63.53     0.61     0.04
   23.74   163.95   585.41     1.03     0.04
   23.80    10.21   116.51     1.45     0.04
   23.86     9.38   113.58     0.34     0.04
   23.91    14.36   112.65     0.46     0.04
   23.97     8.97   103.44     0.35     0.04
   24.02     9.07   158.34     0.35     0.04
   24.08     9.75    39.01     0.34     0.04
   24.14    14.12   193.35     0.87     0.04
   24.19     9.71    63.17     1.23     0.04
   24.25     9.78    65.90     1.23     0.04
   24.30     9.62   114.01     1.09     0.04
   24.36    10.29   105.17     0.49     0.04
   24.42     9.32   113.63     0.40     0.04
   24.47     9.65    84.53     0.35     0.04
   24.53     9.16    29.56    19.01     0.04
   24.58     9.80    43.71     0.96     0.04
   24.64    10.04    54.21    19.73     0.04
   24.70     9.98    46.71     0.46     0.04
   24.75     9.47   108.53     0.37     0.04
   24.81     9.59   121.85     0.34     0.04
   24.86     9.90   114.56     0.74     0.04
   24.92     9.33   129.11     1.21     0.09
   24.98    10.22   115.75    39.42     0.04
   25.03     9.97   162.71     1.05     0.04
   25.09    10.08    63.01    43.06     0.04
   25.15     9.29   121.63     0.92     0.06
   25.20     9.55    65.74     0.95     0.05
   25.26     9.65    82.43     0.94     0.04
   25.31    10.05   115.49     1.42     0.04
   25.37     9.78   107.54     1.34     0.04
   25.42    10.33   135.62    22.35     0.06
   25.48     9.75    28.27     0.47     0.04
   25.54     9.30    49.51     0.34     0.04
   25.59     9.37    59.52     0.35     0.04
   25.65     9.50    80.93     0.33     0.04
   25.70     9.23    91.22     0.34     0.04
   25.76     9.57    97.11     1.08     0.04
   25.82    10.09   116.25     1.22     0.04
   25.87    13.46   133.52     1.46     0.04
   25.93   172.38   134.03     1.34     0.04
   25.98     9.74    40.38     1.57     0.04
   26.04     9.55    92.22    43.50     0.04
   26.10     9.51    91.69     1.41     0.04
   26.15     9.83    92.58    42.60     0.04
   26.21     9.74    80.83     1.00     0.04
   26.26    10.10    96.41     1.21     0.05
   26.32     9.17    81.79     0.45     0.04
   26.38     9.80   103.67     0.35     0.04
   26.43   316.47 53125.36    44.00     0.04
   26.60   160.87 23079.04    24.07     0.04
   26.66   160.05 11498.06     1.55     0.04
   26.71     9.79    42.79     0.68     0.04
   26.77    10.25    73.33     0.74     0.04
   26.82    10.14   181.39     1.10     0.06
   26.88     9.91   106.30     1.75     0.04
   26.94   164.81   272.66     1.45     0.04
   26.99     9.47    63.78     1.00     0.04
   27.05     9.17    86.50     0.91     0.04
   27.10    10.03    62.45     1.64     0.06
   27.16     9.19    45.63     0.47     0.04
   27.22     9.31    54.91     0.36     0.04
   27.27     9.03   102.74     1.01     0.04
   27.33    10.08   151.40     1.20     0.06
   27.38   163.70   595.18     1.00     0.06
   27.44     9.24   104.63     1.42     0.06
   27.50   163.45   275.23     1.23     0.04
   27.55     9.07    24.68     1.17     0.04
   27.61     9.62    79.64     1.21     0.05
   27.66     9.52   114.67     0.81     0.04
   27.72     9.94    95.76     1.05     0.06
   27.78    12.09   151.76     0.47     0.04
   27.83     9.95    96.43    59.37     0.04
   27.89   171.62   102.42     1.41     0.04
   27.94     9.91    43.43    25.41     0.04
   28.00     9.28    59.18     0.84     0.04
   28.06     9.35    62.96     0.36     0.04
   28.11     9.57   118.88     0.37     0.04
   28.17     9.33   106.62     0.45     0.04
   28.22     9.84    95.42     0.35     0.04
   28.28    15.03   152.77    24.31     0.04
   28.34     9.27    76.41     1.15     0.06
   28.39    10.85   175.46     1.43     0.06
   28.45     9.21   105.05     1.17     0.04
   28.50   168.55   102.52     1.30     0.06
   28.56     9.83  1531.59     1.14     0.04
   28.62    10.94    99.35     1.51     0.04
   28.67     9.41   114.81    21.39     0.06
   28.73     9.71   150.43     1.65     0.04
   28.78     9.37   108.78     1.12     0.04
   28.84     9.76   100.08     0.35     0.04
   28.90     9.29    57.79     0.35     0.04
   28.95     9.32    40.54     0.35     0.04
   29.01    12.23   180.60     1.21     0.04
   29.06    10.45    73.11     1.22     0.04
   29.12     9.74    95.49     1.29     0.04
   29.18     9.41   116.73    21.02     0.04
   29.23    10.72   134.39     1.23     0.04
   29.29    10.10   174.60     1.12     0.04
   29.34     9.86    44.23     1.52     0.04
   29.40     9.97    54.80     0.96     0.05
   29.46     9.35   115.92     1.42     0.05
   29.51     9.63   114.23     1.18     0.04
   29.57    10.17   130.39     0.95     0.06
   29.62     9.72   123.13     0.35     0.04
   29.68    10.32   111.31     0.33     0.04
   29.74     9.16   156.48     0.35     0.04
   29.79     9.14    46.66     0.35     0.04
   29.85     9.58    59.94     0.59     0.04
   29.90   167.95   107.53     1.42     0.04
   29.96     9.26    55.12     1.37     0.04
   30.02   169.37   111.11     1.51     0.04
   30.07     9.58    64.02     0.88     0.04
   30.13     9.89   101.98     1.01     0.04
   30.18     9.78    87.41     1.01     0.04
   30.24     9.82   115.81     0.92     0.06
   30.30     9.79   133.54     1.15     0.04
   30.35     9.36    42.48     1.15     0.04
   30.41     9.77    54.82     1.34     0.04
   30.46     9.65    50.49     0.34     0.04
   30.52     9.36    89.37     0.35     0.04
   30.58     9.56    69.39     0.36     0.04
   30.63     9.24    85.17     0.32     0.04
   30.69    14.37    96.20     0.88     0.06
   30.75     9.32   114.95     1.38     0.04
   30.80     9.83    86.95     1.45     0.04
   30.86     9.86   121.21     0.64     0.04
   30.91   163.75   423.60     1.13     0.04
   30.97    10.18    95.71     0.71     0.04
   31.02     9.60    74.07     1.38     0.04
   31.08     9.33    40.76     0.76     0.04
   31.14    10.99    75.00    24.02     0.04
   31.19    10.41    73.98     1.60     0.04
   31.25    10.12   114.60     1.30     0.04
   31.30     9.23   104.79     0.35     0.04
   31.36     9.37    93.36     0.34     0.04
   31.42     9.06   137.53     0.35     0.04
   31.47     9.63    93.45    42.14     0.04
   31.53     9.55    40.97     1.35     0.06
   31.58     9.75    74.38    23.80     0.04
   31.64     9.84  1499.18     1.38     0.04
   31.70   163.48   275.97     1.29     0.04
   31.75    11.13   140.61     1.20     0.06
   31.81     9.99   116.66     1.52     0.05
   31.86    11.16   213.39     1.01     0.06
   31.98    27.08 12526.74     1.55     0.06
   32.14   165.57 51609.69     1.42     0.04
   32.20    10.13    97.91     0.49     0.04
   32.26     9.67   133.90     1.33     0.05
   32.31     9.64   144.11    22.81     0.04
   32.37     9.05    24.47     0.89     0.04
   32.42   163.60   434.69     0.94     0.04
   32.48     9.96    73.67     0.79     0.04
   32.54     9.62   218.28     1.63     0.07
   32.59    10.35   116.08     1.12     0.04
   32.65     9.84    99.74     1.49     0.04
   32.70     9.82   117.94     0.96     0.04
   32.76     9.83   171.83     0.75     0.04
   32.82    10.10    71.63     1.36     0.04
   32.87    10.05    43.83     1.27     0.04
   32.93     9.45    65.57     0.35     0.04
   32.98    14.46   113.55     0.34     0.04
   33.04     9.34   171.98     0.34     0.04
   33.10     9.73    59.18     0.34     0.04
   33.15     9.30    61.30     0.34     0.04
   33.21     9.73    88.48     0.35     0.04
   33.26     9.83    93.42     0.35     0.04
   33.32     9.32   132.14     0.35     0.04
   33.38     9.75   127.01     0.59     0.04
   33.43    10.10    76.46     0.98     0.06
   33.49     9.84    67.65     1.03     0.04
   33.55     9.06   113.07     1.73     0.04
   33.60    10.15    83.99    20.71     0.05
   33.66     9.98   115.54    24.04     0.04
   33.71   167.32   109.85     1.40     0.06
   33.77     9.67   115.27     1.38     0.06
   33.82    13.19   151.22    25.73     0.06
   33.88     9.40    87.38     1.24     0.04
   33.94   170.05   103.87     1.42     0.04
   33.99    12.71   118.68     1.16     0.04
   34.05     9.27    99.66     1.21     0.04
   34.10     9.84   107.52     1.48     0.04
   34.16   165.55   437.33     1.48     0.04
   34.22    10.15   165.57    42.19     0.04
   34.27     9.34    95.11     1.93     0.04
   34.33   163.97   432.40     1.60     0.04
   34.38   163.57   448.89     1.18     0.04
   34.44     9.78    72.74    43.11     0.04
   34.50   163.27   595.69     1.50     0.04
   34.55     9.99   113.72     1.34     0.04
   34.61     9.20   124.47     0.49     0.04
   34.66     9.94   109.99     0.36     0.04
   34.72     9.70   131.81     0.65     0.04
   34.78     9.24   132.01     0.34     0.04
   34.83     9.27   140.81     0.34     0.04
   34.89     9.42    58.30     0.37     0.04
   34.94    10.20    88.85     0.34     0.04
   35.00     9.32    74.97     0.59     0.04
   35.06   159.88 36090.16     1.56     0.04
   35.11    11.13   225.10     0.34     0.04
   35.17     9.21    14.58     1.34     0.04
   35.22   163.57   272.56     1.35     0.04
   35.28    10.02   175.04     0.88     0.04
   35.34    13.65   153.45     0.87     0.04
   35.39     9.63    59.69     0.97     0.04
   35.45     9.17    78.35     0.35     0.04
   35.50   163.49   437.34     1.15     0.04
   35.56     9.87   118.68     1.06     0.06
   35.62     9.49   108.19     0.80     0.06
   35.67     9.95   116.23     1.22     0.04
   35.73     9.43   125.11     1.00     0.06
   35.78     9.98   139.87     1.21     0.06
   35.84     9.41    43.62    20.08     0.04
   35.90     9.84    62.76     1.14     0.06
   35.95   163.44   603.71     1.42     0.04
   36.01    14.46   117.91    23.55     0.06
   36.06     9.72   125.93     1.30     0.06
   36.12     9.28    46.95     1.23     0.05
   36.18     9.78   154.28    19.92     0.04
   36.23     9.53    40.11     0.74    22.71
   36.29     9.87   171.99     0.35     0.04
   36.34     9.55    69.65     0.37     0.04
   36.40     9.47    65.65    19.17     0.04
   36.46    10.54   111.42     0.35     0.04
   36.51     9.32   116.47     0.60     0.04
   36.57     9.18    13.89     1.26     0.04
   36.62    13.95   150.93     0.98     0.04
   36.68     9.21    14.70     1.41     0.05
   36.74     9.91    51.45     0.90     0.05
   36.79    10.12    88.35    62.17     0.06
   36.96   161.06 22182.88     1.70     0.04
   37.02   160.63 18000.07    22.73     0.04
   37.07     9.74    65.54    23.52     0.04
   37.13     9.26    95.13     1.36     0.04
   37.18    10.20    83.29     1.29     0.04
   37.24   163.32   291.90     1.41     0.04
   37.30     9.79   114.47     1.15     0.04
   37.35    10.65   154.03     0.95     0.04
   37.41   171.92   122.67     1.55     0.04
   37.46    10.07   163.99     1.58     0.04
   37.52     9.71   157.56    21.14     0.04
   37.58    10.02    51.58     1.03     0.05
   37.63     9.61    97.95     1.21     0.04
   37.69     9.65  1561.43     1.52     0.04
   37.74    10.35   105.13     1.01     0.04
   37.80     9.85   105.66     1.57     0.04
   37.86    11.63   136.03     1.38     0.04
   37.91     9.61   147.53     0.34     0.04
   37.97     9.23    39.90     0.35     0.04
   38.02    13.14   117.76     0.35     0.04
   38.08     9.43    58.78     0.34     0.04
   38.14     9.32    90.50     0.34     0.04
   38.19    10.38   130.64     0.33     0.04
   38.25     9.20    64.95     0.34     0.04
   38.30     9.04   151.41     0.36     0.04
   38.36     9.52    52.18    21.52     0.04
   38.42     9.64    82.19     1.00     0.04
   38.47     9.36   110.62     1.26     0.04
   38.53     9.98   114.79    24.95     0.04
   38.58    13.36    98.28     1.40     0.04
   38.64    12.84   157.66     1.43     0.04
   38.70    10.21   141.50     1.09     0.06
   38.75     9.94   123.40     1.37     0.06
   38.81     9.98   159.00     1.17     0.04
   38.86     9.77   179.29     1.28     0.06
   38.92     9.96    85.83     1.38     0.04
   38.98     9.80   117.20     1.41     0.04
   39.03     9.89   124.54     1.62     0.04
   39.09    10.12   116.97     1.52     0.04
   39.14     9.39    36.16     0.74     0.04
   39.16     9.18    81.69     0.67     0.18
   39.20     9.43    77.45    42.98     0.05
   39.26     9.65    73.47    43.08     0.04
   39.31     9.65   188.83     1.40     0.04
   39.37   163.43   445.48     1.39     0.06
   39.42     9.93   109.83     1.04     0.04
   39.48     9.91   134.82    23.86     0.05
   39.54    10.05   123.07     0.46     0.04
   39.59     9.58   121.13    19.83     0.04
   39.65     9.29   131.15     0.35     0.04
   39.70     9.27    29.08     0.34     0.04
   39.76     9.60    50.46     0.34     0.04
   39.82     9.23    42.70     0.34     0.04
   39.87    11.24    52.14     0.34     0.04
   39.93     9.21   151.19     0.36     0.04
   39.98    15.04   133.38     0.96     0.04
   40.15   160.27 27829.35     2.26     0.04
   40.21     9.33   108.44     0.65     0.04
   40.26     9.58    42.95     1.05     0.04
   40.32     9.94   116.19     1.32     0.04
   40.38     9.21    91.50     0.35     0.04
   40.43    10.31   121.10     1.53     0.04
   40.49     9.54   123.91    19.92     0.04
   40.54     9.77   159.63     1.50     0.04
   40.60     9.90   122.43    60.61     0.04
   40.66     9.75   116.70     1.11     0.04
   40.71   174.23   105.06     1.14     0.05
   40.77    10.38    54.84    20.45     0.04
   40.82   163.73   284.95     1.67     0.04
   40.88    10.15   114.32     1.10     0.04
   40.94   163.40   445.60     1.38     0.04
   40.99     9.47   124.21     1.15     0.05
   41.05   163.77   435.77     0.85     0.04
   41.10     9.43   100.90     1.10     0.05
   41.16     9.74    86.85     1.12     0.05
   41.22     9.41    92.08     0.35     0.04
   41.27     9.43    93.45     0.35     0.04
   41.33     9.40   135.75     0.34     0.04
   41.38     9.54   112.68     0.34     0.04
   41.44     8.96    50.08     0.36     0.04
   41.50     9.79   144.54     0.77     0.04
   41.55    11.99   172.91     1.20     0.04
   41.61    11.46   163.95     0.78     0.06
   41.66     9.57   105.65    21.15     0.05
   41.72    10.63   100.29    21.75     0.05
   41.78    11.37   139.97     0.77     0.05
   41.83     9.49   131.79     1.20     0.04
   41.89     9.51   134.41     1.00     0.06
   41.94    12.55   177.36     1.23     0.06
   42.00    10.10    42.93    21.98     0.04
   42.06     9.63    44.89     0.57     0.04
   42.17   170.55 20574.25     1.53     0.04
   42.28   159.83 44132.57    23.61     0.04
   42.34   160.37 71197.67     1.62     0.04
   42.45     9.62    47.56    24.03     0.04
   42.50     9.12    65.94     0.46     0.04
   42.56    10.36    71.40     1.06     0.04
   42.62    11.28   116.05     1.11     0.04
   42.67    10.06    86.56     1.54     0.04
   42.73     9.88   121.25     1.61     0.05
   42.78    10.13   144.76     1.53     0.04
   42.84    13.91   111.07     0.56     0.04
   42.90     9.40    94.39     0.34     0.04
   42.95     9.73   169.58     0.87     0.04
   43.01    10.18   180.00     1.66     0.04
   43.06    10.22    44.51     1.41     0.04
   43.12     9.64    46.42    21.57     0.04
   43.18     9.69    65.53     1.55     0.04
   43.23     9.87   105.22     1.49     0.04
   43.29    14.91   112.41     1.67     0.04
   43.34     9.69   142.10     1.12     0.04
   43.40     9.52   141.63     0.88     0.04
   43.46     9.21    13.62     1.18     0.06
   43.51   168.36   103.84     1.16     0.04
   43.57     9.90    44.83     1.19     0.06
   43.62     9.91    67.01     1.38     0.04
   43.68   164.02   447.14     1.27     0.06
   43.74    11.56   136.67     1.20     0.04
   43.79     9.29   118.96     1.37     0.04
   43.85     9.90    73.49     1.01     0.05
   43.91   164.03   590.38     1.41     0.04
   43.96     9.62    74.52    20.39     0.04
   44.02    10.08   105.14     1.32     0.04
   44.07    10.26   128.68     1.18     0.04
   44.13    11.24   245.51     1.26     0.04
   44.18     9.22   102.15     1.49     0.04
   44.24     9.75    63.56     1.64     0.04
   44.30     9.31    92.54     1.75     0.04
   44.35     9.80    76.22     1.66     0.04
   44.41    10.09    64.03     1.19     0.06
   44.46    10.36   199.75     1.28     0.04
   44.52     9.16   101.26     0.34     0.04
   44.58     9.30    92.46    20.17     0.04
   44.63     9.60   106.12     0.34     0.04
   44.69     9.21   124.34     0.46     0.04
   44.74     9.49   131.54     0.35     0.04
   44.80     9.32    48.04     0.34     0.04
   44.86     9.35    73.07     0.35     0.04
   44.91     9.45    42.61     0.47     0.04
   44.97     9.16    91.49     0.34     0.04
   45.02   160.79  6699.29     1.13     0.04
   45.08   160.39  9306.51     1.22     0.04
   45.14   160.93  5403.46     1.42     0.04
   45.42   171.34 45445.76    43.25     0.04
   45.47    22.95  2836.45     0.76     0.04
   45.53    14.88  6691.49     1.01     0.04
   45.58     9.13   827.73     1.23     0.04
   45.64     9.05   707.60     0.88     0.04
   45.70   159.96  8658.62     1.30     0.04
   45.75   160.04  7254.91     1.14     0.04
   45.81     9.93  1001.86     1.42     0.04
   45.86    10.42    53.29     1.42     0.04
   45.92     9.09   237.69     1.01     0.04
   45.98     9.67    66.65     1.52     0.04
   46.03     9.62    95.26     0.81     0.06
   46.09    10.06   106.43     0.80     0.04
   46.14     9.62    84.62     0.36     0.04
   46.20     9.95    72.65     0.73     0.04
   46.26    13.30   153.40    20.59     0.06
   46.31     9.47    43.32     0.95     0.04
   46.37    10.13    73.12     1.12     0.06
   46.42    10.06   102.52     0.98     0.04
   46.48    10.25    92.96    21.79     0.06
   46.54     9.24    33.10     1.52     0.04
   46.59     9.81   115.68     1.07     0.04
   46.65     9.61   135.50     1.57     0.04
   46.70    10.04    43.30     1.38     0.06
   46.76    10.21    52.10     1.81     0.04
   46.82    10.04    50.92     1.84     0.04
   46.87     9.89    63.75     1.40     0.04
   46.93    10.45    79.45    22.64     0.04
   46.98     9.03   113.86     0.34     0.04
   47.04     9.15   113.50     0.34     0.04
   47.10     9.59   151.09     0.35     0.04
   47.15     9.18   166.95    19.20     0.04
   47.21     9.66    40.16     0.34     0.04
   47.26     9.17    64.90     0.48     0.04
   47.32     9.77   101.24     1.31     0.04
   47.38    10.19   122.69     1.50     0.04
   47.43    12.18   134.37     1.35     0.04
   47.49     9.40    50.01     1.04     0.04
   47.55   163.27   602.92     1.31     0.04
   47.60   160.20 81448.98     1.78     0.06
   47.72   160.91 105718.08     1.69     0.04
   47.88   160.02  9374.09     1.69     0.04
   47.94    10.75   133.56     1.35     0.04
   47.99    14.31   179.51     0.88    23.00
   48.05   170.02   105.47     1.27     0.06
   48.10    10.13    66.83     1.11     0.06
   48.16    10.24   112.86     0.58     0.04
   48.22    13.36   135.24     0.77    41.84
   48.27     9.95   109.91     1.28     0.04
   48.33    13.34   150.48     1.07     0.06
   48.38     9.71   177.90     1.67     0.06
   48.44    10.06    65.96     1.34     0.06
   48.50     9.39    15.27     1.12     0.04
   48.55     9.60    84.34     0.97     0.05
   48.61     9.80   101.10     1.25     0.04
   48.66     9.31   131.25     0.35     0.04
   48.72     9.60   152.17     0.73     0.04
   48.78     8.96    65.75     0.35     0.04
   48.83     9.34    47.53     0.34     0.04
   48.89     9.61    62.34     0.99     0.04
   48.94     9.25    61.41    19.69     0.04
   49.00    13.39    50.67    19.70     0.04
   49.06     9.84    92.19     0.34     0.04
   49.11    13.01   195.78     1.44     0.04
   49.17    11.50   157.95    25.00     0.05
   49.22    10.00    75.08    23.82     0.04
   49.28     9.81    42.14     1.70     0.04
   49.34     9.67    66.70     1.36     0.04
   49.39    10.16    96.19     1.23     0.04
   49.45     9.33   100.03     0.59     0.04
   49.50    10.32   112.18     0.34     0.04
   49.56     9.43   157.61     0.46     0.04
   49.62     9.48    64.12     1.18     0.04
   49.67     9.66    54.61     1.65     0.04
   49.73    10.04    93.37     1.14     0.04
   49.78    12.25   140.79    81.49     0.04
   49.84    10.03   104.79     1.46     0.04
   49.90    10.39   132.39     1.24     0.04
   49.95     9.28   126.62     0.96     0.04
   50.01    14.33    99.38     0.97     0.04
   50.06     9.61   108.19    39.97     0.05
   50.12    10.25   174.30     1.17     0.04
   50.18     9.87    43.06     1.00     0.04
   50.23     9.94   180.94     1.71     0.04
   50.29     9.16    81.98     0.50     0.04
   50.34     9.32   116.44     0.34     0.04
   50.40    12.40   133.10     0.35     0.04
   50.46     9.39   121.80     0.35     0.04
   50.51    10.16   134.39     1.24     0.04
   50.57     9.17   117.61     0.99     0.05
   50.62    10.79   158.25     1.22     0.06
   50.68    10.09    55.30     1.15     0.06
   50.74     9.34    14.40     1.08     0.05
   50.79    10.26   161.95    43.76     0.05
   50.85    10.27    95.76     1.50     0.06
   50.90     9.73   104.63    20.65     0.06
   50.96    11.19   176.31     0.98     0.06
   51.02     9.61   124.01     0.99     0.04
   51.07    10.82   159.54     1.37     0.04
   51.13     9.91   176.63     0.33     0.04
   51.18     9.33    39.96     0.33     0.04
   51.24     9.23    59.84     0.34     0.04
   51.30    11.06    74.74     0.33     0.04
   51.35     9.85   243.95     0.35     0.04
   51.41     9.83   105.93     1.11     0.04
   51.46    13.20   114.18     1.39     0.04
   51.52     9.84    86.01    40.15     0.05
   51.58    10.45   160.08     1.27     0.04
   51.63     9.65    74.66    24.24     0.06
   51.69   172.97   110.74     1.18     0.06
   51.74    10.04    77.14     1.68     0.04
   51.80     9.41    99.18     1.15     0.04
   51.86    10.10    90.66     1.57     0.06
   51.91    12.82   134.66    23.58     0.04
   51.97    12.85   132.57     0.37     0.04
   52.02     9.59    28.57     0.35     0.04
   52.08    10.08    75.86    41.90     0.04
   52.14    10.06    44.89     1.73     0.04
   52.19     9.98    82.47     1.40     0.04
   52.25    10.33    62.61    21.01     0.04
   52.30     9.72    86.40     1.46     0.04
   52.36    10.26   119.62     1.65     0.04
   52.42     9.76    98.75     1.14     0.04
   52.47    12.48   114.85     1.91     0.04
   52.53     9.81   134.66     1.21     0.06
   52.58     9.75   177.55     1.00     0.04
   52.64    10.31    72.20     1.33     0.04
   52.70    10.01    74.35     1.22     0.06
   52.75     9.89   112.70     1.12     0.04
   52.81    12.07   211.34     1.10     0.06
   52.86     9.55   124.17     3.35     0.05
   52.92   160.41 94988.89    21.33     0.06
   53.14    14.27  7634.29    41.74     0.04
   53.26   161.44 14385.20     1.75     0.04
   53.31     9.89    62.00     1.59     0.04
   53.37    10.20    40.60    20.23     0.05
   53.43     9.06   119.91     1.23     0.04
   53.48    14.73   156.78     1.05     0.04
   53.54     9.74    54.26     1.21     0.04
   53.59     9.20    51.63     0.34     0.04
   53.65     9.77    48.01     0.34     0.04
   53.70    11.15    73.64     0.46     0.04
   53.76    10.93   129.05     0.47     0.04
   53.82     9.42   145.77     0.34     0.04
   53.87     9.20    39.44     0.35     0.04
   53.93     9.36    53.52     0.72     0.04
   53.98    11.35    69.74     0.32     0.04
   54.04     9.47   129.70    24.86     0.04
   54.10    13.47    97.85    22.20     0.04
   54.15     9.33    15.76     0.93     0.05
   54.21    10.03    81.26     1.11     0.05
   54.26     9.67    53.21     1.25     0.05
   54.32    10.47    65.04     1.21     0.06
   54.38    10.12    85.78    19.60     0.06
   54.43     9.70    94.26     0.49     0.04
   54.49     9.50   110.74     0.35     0.04
   54.54     9.56    75.11     1.17     0.04
   54.60   163.20   449.05     1.37     0.06
   54.66    10.18    48.78     1.54     0.04
   54.71     9.85   179.44     1.16     0.05
   54.77     9.70    83.30     1.29     0.04
   54.82     9.18    96.23     1.44     0.04
   54.88    10.28    96.42     1.09     0.06
   54.94     9.56   151.72     0.80     0.04
   54.99     9.91    76.33     1.20     0.04
   55.05     9.63    66.73    25.02     0.04
   55.10     9.92    45.18    20.57     0.04
   55.16     9.92   104.93     1.59     0.04
   55.22    13.38   114.04   108.60     0.04
   55.27    10.28   243.36    24.49     0.04
   55.33     9.48   108.38     1.02     0.04
   55.38     9.56    53.19     1.51     0.04
   55.44     9.86    42.50     1.05     0.04
   55.50   163.36   442.57     1.14     0.06
   55.55     9.89   116.72     0.89     0.04
   55.61    13.21   133.83    42.34     0.04
   55.66     9.79   181.38     1.09    22.53
   55.72     9.49   107.55    39.50     0.06
   55.78     9.64    41.58     1.22     0.05
   55.83    10.04    62.22     0.74     0.04
   55.89     9.98    61.49     1.64     0.05
   55.94     9.81    85.69     1.45     0.05
   56.00    11.52   116.04    24.34     0.04
   56.06    12.42   133.72     0.91     0.04
   56.11     9.28   138.77     0.35     0.04
   56.17    13.85    70.07     0.34     0.04
   56.22     9.74    82.15     0.35     0.04
   56.28     9.53    93.07     0.47     0.04
   56.34     9.01   122.44     0.35     0.04
   56.39     9.26    69.84    23.06     0.04
   56.45     9.94    94.28    42.97     0.04
   56.50     9.21    72.54     0.35     0.04
   56.56     9.76    84.09     0.35     0.04
   56.62    12.59    92.01     0.33     0.04
   56.67     9.37   131.25     0.58     0.04
   56.73     9.67   155.22     0.83     0.04
   56.79   172.60   117.87     1.55     0.06
   56.84    10.03    92.79     1.08     0.05
   56.90     9.17    93.35     0.46     0.04
   56.95     9.40   124.61     0.87     0.04
   57.01    11.25   133.89     1.22     0.06
   57.06     9.24    58.04     1.17     0.06
   57.12     9.79    69.42     1.05     0.05
   57.18     9.16   106.63     1.05     0.05
   57.23     9.89   101.94     1.27     0.04
   57.29    14.30   134.27     1.13     0.04
   57.34    11.87   136.59     1.60     0.04
   57.40    10.05   135.76    43.74     0.04
   57.46    10.22    64.89     1.33     0.04
   57.51    10.13   104.52     1.26     0.04
   57.57    10.38   128.88     1.09     0.04
   57.62   167.54   107.15     1.55     0.04
   57.68    10.22   145.98     1.26     0.04
   57.74     9.06    49.27     0.36     0.04
   57.79     9.81    50.80     0.34     0.04
   57.85     9.28    74.17     0.34     0.04
   57.90     9.84    94.14     0.35     0.04
   57.96     8.99   124.43     0.34     0.04
   58.02     9.47    37.99     0.34     0.04
   58.07    10.02    61.88     1.60     0.04
   58.13     9.99    93.54     1.39     0.04
   58.18    10.24   114.27     1.20     0.04
   58.24     9.26   128.70     2.86     0.04
   58.30    15.25   117.71     1.03     0.06
   58.35   159.99 10284.57     1.10     0.04
   58.58   160.46 51953.30     2.17     0.04
   58.63     9.79   120.77     0.55     0.04
   58.69     9.36    40.84     1.06     0.05
   58.74     9.34    43.17     1.51     0.06
   58.80     9.65    45.31     1.43     0.04
   58.86     9.29    14.56     0.88     0.04
   58.91     9.63    76.96     1.11     0.04
   58.97    12.43   197.98    20.86     0.06
   59.02     9.67   147.86     1.32     0.04
   59.08     9.38    87.22     1.12     0.06
   59.14     9.42    41.29     0.87     0.04
   59.19     9.78   121.57     0.48     0.04
   59.25    12.22    90.94     0.61     0.04
   59.31   163.04   610.46     1.18     0.06
   59.36   163.34   614.68     1.47     0.06
   59.42     9.36   125.69     1.18     0.04
   59.47     9.62   149.02    20.86     0.04
   59.53     9.45    14.93     1.03     0.04
   59.59   163.55   313.73     1.26     0.06
   59.64    10.40    53.86     1.45     0.06
   59.70     9.17   112.85     1.28     0.04
   59.75     9.88   238.30    20.62     0.04
   59.81    10.15   105.72     1.10     0.06
   59.86    14.76   114.97     1.02     0.06
   59.92     9.93   144.77     1.73     0.04
   59.98   165.69   447.93     1.49     0.04
   60.03    10.23    76.74     1.35     0.04
   60.09    10.00   115.32     1.40     0.04
   60.15     9.13   113.57     1.45     0.04
   60.20     9.64   159.88     1.72     0.04
   60.26     9.23  4519.78     1.40     0.04
   60.31     9.82    73.77     1.26     0.04
   60.37    10.13    67.12     1.11     0.04
   60.43   165.66   291.06     1.37     0.06
   60.48    11.49   140.21     0.86     0.04
   60.54   162.94   451.94     1.15     0.07
   60.59     9.60   145.06     1.06     0.06
   60.65    10.01   133.48     1.21     0.06
   60.70     9.73    93.25     1.29     0.06
   60.76    10.35   103.32    86.41     0.06
   60.82     9.07   116.44     1.51     0.04
   60.87    10.22   117.69     1.32     0.04
   60.93     9.42    54.53     1.38     0.04
   60.98     9.68    64.44     1.59     0.04
   61.04    10.05    92.90     0.34     0.04
   61.10     9.82    77.16     0.45     0.04
   61.15     9.33   121.39     0.35     0.04
   61.21     9.35   157.56     0.34     0.04
   61.26     9.18    40.91     0.34     0.04
   61.32     9.18   118.69     1.27     0.04
   61.38    10.20    44.08     1.57     0.04
   61.43     9.69    65.41     1.31     0.04
   61.49     9.87    87.47    22.57     0.04
   61.54    10.39   115.75     1.44     0.04
   61.60     9.33   151.57     1.11     0.04
   61.66     9.64   126.18    20.72     0.04
   61.71     9.33    52.50     0.99     0.04
   61.77     9.77    78.77     1.16     0.04
   61.82    10.73   179.23    21.92     0.04
   61.88     9.58   133.08     0.75     0.04
   61.94     9.21    58.74     0.34     0.04
   61.99     9.42    81.66     0.34     0.04
   62.05    10.05   131.21     0.35     0.04
   62.10    10.30    76.67     1.21     0.04
   62.16     9.90    64.05     1.02     0.04
   62.22    10.03   107.99     1.01     0.04
   62.27    11.22   113.80     1.14     0.04
   62.33     9.88   119.07     1.08     0.06
   62.38     9.90    54.59     1.20     0.06
   62.44    10.29   106.46     1.11     0.04
   62.50    14.94   132.80     1.02     0.06
   62.55    11.74   174.13     1.26     0.05
   62.61    10.10    68.73     1.21     0.04
   62.66     9.97   124.19     0.87     0.04
   62.72     9.32    41.82     0.60     0.04
   62.78     9.12    79.56     0.35     0.04
   62.83     9.69    83.99     0.36     0.04
   62.89    14.06   131.64     0.35     0.04
   62.94     9.59    44.03     0.62     0.04
   63.00    10.05   107.18    42.94     0.06
   63.06    10.27   105.88     1.59     0.04
   63.11     9.66   168.07     1.45     0.04
   63.17    10.94   180.78     1.19     0.04
   63.22     9.19    94.27     1.93     0.04
   63.28     9.37    94.77    61.15     0.04
   63.34    10.08    51.14     1.62     0.04
   63.39   321.20 24667.92     1.60     0.04
   63.45   161.12  8949.77    19.97     0.04
   63.56   160.16 46883.55     1.10     0.04
   63.73     9.96  2917.94     1.16     0.04
   63.78     9.85    52.03    21.64    42.20
   63.84    10.01    93.36     1.10     0.04
   63.90    10.03   134.41     0.98     0.06
   63.95     9.67   158.44     1.56     0.04
   64.01   159.99  2453.59     1.22     0.04
   64.07   168.58   129.33     1.42     0.04
   64.12    10.06   133.67     1.19     0.04
   64.18     9.40   187.99    20.41     0.04
   64.23    10.22   100.40     1.47     0.06
   64.29     9.89   129.11     0.78     0.04
   64.34     9.53    39.10     0.58     0.04
   64.40     9.11    77.87     0.34     0.04
   64.46     9.28    83.15     0.35     0.04
   64.51     9.28    79.52     0.34    58.56
   64.57     9.52    48.45     0.35     0.04
   64.62     9.53    91.30     0.35     0.04
   64.68     9.55   106.93     1.08     0.04
   64.74     9.34    45.08    42.67     0.04
   64.79     9.95    62.25     1.54     0.06
   64.85    10.14    84.76     1.15     0.06
   64.90    11.45   135.07     1.27     0.06
   64.96     9.96    99.92     1.43     0.04
   65.02     9.73   115.68     1.25     0.06
   65.07    10.51    61.07     1.21     0.06
   65.13    10.31   102.29     1.56     0.04
   65.18     9.32   103.93     0.36     0.04
   65.24    11.23   147.31     0.34     0.04
   65.30     9.69   153.55     0.35     0.04
   65.35     9.52    52.01     1.34     0.04
   65.41    14.14   134.80    41.11     0.04
   65.46    10.22    94.51     1.59     0.04
   65.52    10.70   138.88     1.26     0.04
   65.58    27.18   142.22     1.68     0.04
   65.63     9.92    87.62     1.26     0.04
   65.69     9.48    43.33     1.32     0.04
   65.74     9.42   115.94     1.63     0.04
   65.80     9.97    97.67    23.77     0.06
   65.85     9.30   115.13     1.08     0.06
   65.90     9.71    43.52     1.17     0.04
   65.95    10.05    73.37    42.76     0.04
   66.00    10.02   139.04     0.35     0.04
   66.06    13.73    97.98     0.35     0.04
   66.11     9.03    93.01     0.35     0.04
   66.16    11.36   111.70     0.34     0.04
   66.21     9.24   131.55     0.34     0.04
   66.26     9.53   124.82     0.75     0.04
   66.32    10.00   104.83    20.58     0.04
   66.37    10.29   115.87     0.97     0.04
   66.42    10.35   112.66    20.75     0.06
   66.47    10.09   116.55     0.98     0.06
   66.52    10.52   117.81     1.15     0.04
   66.58     9.53   120.72     0.91     0.04
   66.63     9.88   194.34     0.76     0.04
   66.68    10.19    51.20     1.27     0.06
   66.73     9.56   115.55     1.12     0.04
   66.78     9.25   134.35    21.33     0.04
   66.84     9.61   137.46    19.82     0.04
   66.89     9.08    94.91    39.95     0.04
   66.94     9.68   123.47     0.35     0.04
   66.99    10.84   129.52     0.34     0.04
   67.04    10.11   116.85    20.81     0.04
